UNIQUE CODE,STATE,PARLIAMENTARY CONSTITUENCY CODE,PARLIAMENTARY CONSTITUENCY NAME,STATE CONSTITUENCY CODE,STATE CONSTITUENCY NAME,TOTAL ELECTORS,MALAY (%),CHINESE (%),INDIAN (%),BUMIPUTERA SABAH (%),BUMIPUTERA SARAWAK (%),ORANG ASLI (%),OTHERS (%),URBAN - RURAL CLASSIFICATION (2013)
P.001_N.01,PERLIS,P.001,PADANG BESAR,N.01,TITI TINGGI,9159,76.15,20.82,2.36,0.11,0.09,0.01,0.46,RURAL
P.001_N.02,PERLIS,P.001,PADANG BESAR,N.02,BESERI,8197,77.85,19.63,0.74,0.22,0.73,0.01,0.82,RURAL
P.001_N.03,PERLIS,P.001,PADANG BESAR,N.03,CHUPING,9848,85.83,2.20,0.64,0.01,0.03,0.00,11.28,RURAL
P.001_N.04,PERLIS,P.001,PADANG BESAR,N.04,MATA AYER,6365,90.75,3.06,0.80,1.54,2.88,0.05,0.93,SEMI URBAN
P.001_N.05,PERLIS,P.001,PADANG BESAR,N.05,SANTAN,8405,99.27,0.55,0.06,0.02,0.02,0.00,0.07,SEMI URBAN
P.002_N.06,PERLIS,P.002,KANGAR,N.06,BINTONG,10911,95.81,2.58,1.32,0.05,0.05,0.00,0.19,SEMI URBAN
P.002_N.07,PERLIS,P.002,KANGAR,N.07,SENA,11194,85.43,8.56,2.86,0.03,0.09,0.01,3.03,SEMI URBAN
P.002_N.08,PERLIS,P.002,KANGAR,N.08,INDERA KAYANGAN,9776,47.77,46.76,4.32,0.07,0.04,0.00,1.04,SEMI URBAN
P.002_N.09,PERLIS,P.002,KANGAR,N.09,KUALA PERLIS,10150,78.03,21.34,0.12,0.02,0.08,0.00,0.41,SEMI URBAN
P.002_N.10,PERLIS,P.002,KANGAR,N.10,KAYANG,9176,95.43,2.16,0.36,0.05,0.08,0.00,1.92,SEMI URBAN
P.003_N.11,PERLIS,P.003,ARAU,N.11,PAUH,9594,76.46,15.98,5.83,0.08,0.17,0.00,1.48,SEMI URBAN
P.003_N.12,PERLIS,P.003,ARAU,N.12,TAMBUN TULANG,9424,83.95,4.03,0.94,0.05,0.03,0.02,10.97,SEMI URBAN
P.003_N.13,PERLIS,P.003,ARAU,N.13,GUAR SANJI,8723,97.24,2.12,0.44,0.03,0.05,0.01,0.11,RURAL
P.003_N.14,PERLIS,P.003,ARAU,N.14,SIMPANG EMPAT,7774,89.35,10.20,0.35,0.01,0.01,0.00,0.08,RURAL
P.003_N.15,PERLIS,P.003,ARAU,N.15,SANGLANG,8361,91.42,8.24,0.13,0.04,0.04,0.00,0.13,RURAL
P.004_N.01,KEDAH,P.004,LANGKAWI,N.01,AYER HANGAT,20130,94.43,2.21,3.02,0.06,0.06,0.00,0.21,SEMI URBAN
P.004_N.02,KEDAH,P.004,LANGKAWI,N.02,KUAH,17406,86.27,11.33,1.76,0.16,0.21,0.01,0.26,SEMI URBAN
P.005_N.03,KEDAH,P.005,JERLUN,N.03,KOTA SIPUTEH,22816,91.51,7.21,0.14,0.01,0.03,0.00,1.10,RURAL
P.005_N.04,KEDAH,P.005,JERLUN,N.04,AYER HITAM,29567,89.92,7.80,0.09,0.03,0.03,0.00,2.13,RURAL
P.006_N.05,KEDAH,P.006,KUBANG PASU,N.05,BUKIT KAYU HITAM,29228,88.51,7.78,2.27,0.27,0.21,0.01,0.95,RURAL
P.006_N.06,KEDAH,P.006,KUBANG PASU,N.06,JITRA,36322,82.91,10.48,5.15,0.03,0.07,0.00,1.35,SEMI URBAN
P.007_N.07,KEDAH,P.007,PADANG TERAP,N.07,KUALA NERANG,21651,96.71,1.88,0.22,0.03,0.06,0.00,1.11,RURAL
P.007_N.08,KEDAH,P.007,PADANG TERAP,N.08,PEDU,20309,87.14,0.97,0.12,0.01,0.02,0.00,11.73,RURAL
P.008_N.09,KEDAH,P.008,POKOK SENA,N.09,BUKIT LADA,27593,89.88,7.81,1.63,0.03,0.03,0.00,0.63,RURAL
P.008_N.10,KEDAH,P.008,POKOK SENA,N.10,BUKIT PINANG,26426,92.61,6.09,0.86,0.12,0.19,0.00,0.13,SEMI URBAN
P.008_N.11,KEDAH,P.008,POKOK SENA,N.11,DERGA,26695,55.87,38.92,4.54,0.03,0.11,0.00,0.53,URBAN
P.009_N.12,KEDAH,P.009,ALOR STAR,N.12,BAKAR BATA,28186,67.90,26.74,5.06,0.04,0.02,0.00,0.23,URBAN
P.009_N.13,KEDAH,P.009,ALOR STAR,N.13,KOTA DARUL AMAN,15466,30.47,61.91,6.69,0.04,0.48,0.01,0.41,URBAN
P.009_N.14,KEDAH,P.009,ALOR STAR,N.14,ALOR MENGKUDU,25357,72.67,23.97,3.00,0.02,0.04,0.00,0.30,SEMI URBAN
P.010_N.15,KEDAH,P.010,KUALA KEDAH,N.15,ANAK BUKIT,28981,87.61,10.66,1.39,0.01,0.02,0.00,0.30,SEMI URBAN
P.010_N.16,KEDAH,P.010,KUALA KEDAH,N.16,KUBANG ROTAN,34559,70.70,27.42,1.44,0.02,0.02,0.00,0.40,SEMI URBAN
P.010_N.17,KEDAH,P.010,KUALA KEDAH,N.17,PENGKALAN KUNDOR,31788,75.43,22.88,1.46,0.03,0.05,0.00,0.15,SEMI URBAN
P.011_N.18,KEDAH,P.011,PENDANG,N.18,TOKAI,34623,90.60,8.93,0.20,0.03,0.03,0.01,0.20,RURAL
P.011_N.19,KEDAH,P.011,PENDANG,N.19,SUNGAI TIANG,35512,85.76,2.46,0.91,0.02,0.02,0.01,10.82,RURAL
P.012_N.20,KEDAH,P.012,JERAI,N.20,SUNGAI LIMAU,27287,93.03,6.75,0.06,0.01,0.03,0.00,0.12,RURAL
P.012_N.21,KEDAH,P.012,JERAI,N.21,GUAR CHEMPEDAK,21086,88.27,10.63,0.90,0.04,0.04,0.00,0.11,SEMI URBAN
P.012_N.22,KEDAH,P.012,JERAI,N.22,GURUN,26037,55.90,26.45,17.14,0.03,0.06,0.00,0.42,SEMI URBAN
P.013_N.23,KEDAH,P.013,SIK,N.23,BELANTEK,21200,93.19,1.89,0.21,0.06,0.01,0.00,4.64,RURAL
P.013_N.24,KEDAH,P.013,SIK,N.24,JENERI,25586,92.34,1.44,0.15,0.02,0.04,0.01,6.00,RURAL
P.014_N.25,KEDAH,P.014,MERBOK,N.25,BUKIT SELAMBAU,49087,53.34,19.78,26.17,0.04,0.04,0.01,0.62,URBAN
P.014_N.26,KEDAH,P.014,MERBOK,N.26,TANJONG DAWAI,36821,79.46,12.76,5.94,0.43,1.08,0.03,0.29,SEMI URBAN
P.015_N.27,KEDAH,P.015,SUNGAI PETANI,N.27,PANTAI MERDEKA,33282,91.45,6.32,2.04,0.02,0.04,0.01,0.12,SEMI URBAN
P.015_N.28,KEDAH,P.015,SUNGAI PETANI,N.28,BAKAR ARANG,34743,43.00,41.44,15.14,0.04,0.04,0.01,0.33,URBAN
P.015_N.29,KEDAH,P.015,SUNGAI PETANI,N.29,SIDAM,25151,37.61,40.56,20.93,0.01,0.04,0.00,0.85,URBAN
P.016_N.30,KEDAH,P.016,BALING,N.30,BAYU,34570,92.70,4.36,0.84,0.03,0.06,0.28,1.72,RURAL
P.016_N.31,KEDAH,P.016,BALING,N.31,KUPANG,30511,90.91,4.24,3.24,0.03,0.05,0.00,1.54,RURAL
P.016_N.32,KEDAH,P.016,BALING,N.32,KUALA KETIL,28087,81.54,6.88,11.01,0.02,0.02,0.00,0.52,RURAL
P.017_N.33,KEDAH,P.017,PADANG SERAI,N.33,MERBAU PULAS,33597,66.69,13.43,19.43,0.03,0.05,0.01,0.36,SEMI URBAN
P.017_N.34,KEDAH,P.017,PADANG SERAI,N.34,LUNAS,40498,46.31,28.11,25.21,0.04,0.02,0.00,0.30,URBAN
P.018_N.35,KEDAH,P.018,KULIM-BANDAR BAHARU,N.35,KULIM,34404,60.00,22.41,17.25,0.06,0.07,0.01,0.20,SEMI URBAN
P.018_N.36,KEDAH,P.018,KULIM-BANDAR BAHARU,N.36,BANDAR BAHARU,26506,77.42,15.25,7.21,0.02,0.06,0.00,0.03,RURAL
P.019_N.01,KELANTAN,P.019,TUMPAT,N.01,PENGKALAN KUBOR,24097,91.90,0.97,0.10,0.00,0.11,0.00,6.92,SEMI URBAN
P.019_N.02,KELANTAN,P.019,TUMPAT,N.02,KELABORAN,22180,88.32,2.91,0.40,0.04,0.04,0.02,8.27,SEMI URBAN
P.019_N.03,KELANTAN,P.019,TUMPAT,N.03,PASIR PEKAN,26854,98.61,1.12,0.08,0.00,0.01,0.00,0.17,SEMI URBAN
P.019_N.04,KELANTAN,P.019,TUMPAT,N.04,WAKAF BHARU,25501,90.12,8.27,0.09,0.02,0.03,0.00,1.47,SEMI URBAN
P.020_N.05,KELANTAN,P.020,PENGKALAN CHEPA,N.05,KIJANG,19329,96.63,2.95,0.05,0.03,0.02,0.00,0.32,SEMI URBAN
P.020_N.06,KELANTAN,P.020,PENGKALAN CHEPA,N.06,CHEMPAKA,21364,98.98,0.68,0.06,0.09,0.10,0.00,0.08,SEMI URBAN
P.020_N.07,KELANTAN,P.020,PENGKALAN CHEPA,N.07,PANCHOR,23716,97.64,1.37,0.30,0.18,0.23,0.02,0.25,URBAN
P.021_N.08,KELANTAN,P.021,KOTA BHARU,N.08,TANJONG MAS,27514,92.59,6.64,0.35,0.04,0.04,0.00,0.34,URBAN
P.021_N.09,KELANTAN,P.021,KOTA BHARU,N.09,KOTA LAMA,28248,63.69,34.00,1.52,0.05,0.10,0.00,0.64,URBAN
P.021_N.10,KELANTAN,P.021,KOTA BHARU,N.10,BUNUT PAYONG,25506,93.55,5.50,0.68,0.00,0.04,0.00,0.23,URBAN
P.022_N.11,KELANTAN,P.022,PASIR MAS,N.11,TENDONG,21281,98.21,1.55,0.02,0.01,0.03,0.00,0.17,SEMI URBAN
P.022_N.12,KELANTAN,P.022,PASIR MAS,N.12,PENGKALAN PASIR,27327,95.78,3.88,0.15,0.03,0.05,0.00,0.12,SEMI URBAN
P.022_N.13,KELANTAN,P.022,PASIR MAS,N.13,CHETOK,23357,95.49,4.27,0.04,0.01,0.04,0.00,0.14,SEMI URBAN
P.023_N.14,KELANTAN,P.023,RANTAU PANJANG,N.14,MERANTI,16528,99.23,0.17,0.02,0.00,0.04,0.00,0.54,RURAL
P.023_N.15,KELANTAN,P.023,RANTAU PANJANG,N.15,GUAL PERIOK,21387,97.62,1.48,0.07,0.02,0.05,0.00,0.76,SEMI URBAN
P.023_N.16,KELANTAN,P.023,RANTAU PANJANG,N.16,BUKIT TUKU,14988,97.82,0.27,0.10,0.03,0.02,0.01,1.75,SEMI URBAN
P.024_N.17,KELANTAN,P.024,KUBANG KERIAN,N.17,SALOR,20011,97.95,1.85,0.09,0.02,0.03,0.00,0.05,SEMI URBAN
P.024_N.18,KELANTAN,P.024,KUBANG KERIAN,N.18,PASIR TUMBOH,18518,98.70,0.97,0.14,0.04,0.04,0.01,0.11,SEMI URBAN
P.024_N.19,KELANTAN,P.024,KUBANG KERIAN,N.19,DEMIT,26861,97.25,2.36,0.22,0.02,0.02,0.00,0.12,SEMI URBAN
P.025_N.20,KELANTAN,P.025,BACHOK,N.20,TAWANG,27585,99.01,0.83,0.04,0.01,0.03,0.00,0.07,SEMI URBAN
P.025_N.21,KELANTAN,P.025,BACHOK,N.21,PERUPOK,26913,97.51,1.52,0.07,0.01,0.03,0.00,0.85,SEMI URBAN
P.025_N.22,KELANTAN,P.025,BACHOK,N.22,JELAWAT,27068,98.81,1.08,0.03,0.02,0.01,0.00,0.04,SEMI URBAN
P.026_N.23,KELANTAN,P.026,KETEREH,N.23,MELOR,22094,97.06,1.84,0.12,0.01,0.08,0.00,0.89,SEMI URBAN
P.026_N.24,KELANTAN,P.026,KETEREH,N.24,KADOK,17107,98.21,1.58,0.02,0.01,0.06,0.00,0.11,SEMI URBAN
P.026_N.25,KELANTAN,P.026,KETEREH,N.25,KOK LANAS,23016,95.44,1.98,0.11,0.66,1.26,0.32,0.23,SEMI URBAN
P.027_N.26,KELANTAN,P.027,TANAH MERAH,N.26,BUKIT PANAU,27405,90.61,8.13,0.24,0.05,0.05,0.00,0.92,SEMI URBAN
P.027_N.27,KELANTAN,P.027,TANAH MERAH,N.27,GUAL IPOH,16423,96.89,0.87,2.08,0.02,0.04,0.00,0.09,RURAL
P.027_N.28,KELANTAN,P.027,TANAH MERAH,N.28,KEMAHANG,14409,99.01,0.17,0.16,0.03,0.03,0.00,0.60,RURAL
P.028_N.29,KELANTAN,P.028,PASIR PUTEH,N.29,SELISING,18058,99.24,0.60,0.02,0.02,0.02,0.01,0.08,RURAL
P.028_N.30,KELANTAN,P.028,PASIR PUTEH,N.30,LIMBONGAN,23827,96.92,2.46,0.07,0.01,0.05,0.00,0.48,SEMI URBAN
P.028_N.31,KELANTAN,P.028,PASIR PUTEH,N.31,SEMERAK,18269,97.77,0.48,0.03,0.04,0.03,0.00,1.65,RURAL
P.028_N.32,KELANTAN,P.028,PASIR PUTEH,N.32,GAAL,16105,98.88,0.33,0.03,0.01,0.03,0.00,0.71,RURAL
P.029_N.33,KELANTAN,P.029,MACHANG,N.33,PULAI CHONDONG,18875,96.55,3.28,0.05,0.03,0.06,0.00,0.03,RURAL
P.029_N.34,KELANTAN,P.029,MACHANG,N.34,TEMANGAN,17966,94.42,4.98,0.40,0.03,0.03,0.01,0.12,RURAL
P.029_N.35,KELANTAN,P.029,MACHANG,N.35,KEMUNING,22385,96.82,2.89,0.10,0.02,0.03,0.00,0.14,SEMI URBAN
P.030_N.36,KELANTAN,P.030,JELI,N.36,BUKIT BUNGA,16609,98.71,0.22,0.11,0.35,0.28,0.01,0.32,RURAL
P.030_N.37,KELANTAN,P.030,JELI,N.37,AIR LANAS,15007,98.16,0.27,0.11,0.04,0.09,1.22,0.10,RURAL
P.030_N.38,KELANTAN,P.030,JELI,N.38,KUALA BALAH,11608,98.41,0.21,0.09,0.64,0.48,0.03,0.13,RURAL
P.031_N.39,KELANTAN,P.031,KUALA KRAI,N.39,MENGKEBANG,17674,95.85,2.50,1.50,0.01,0.04,0.00,0.10,RURAL
P.031_N.40,KELANTAN,P.031,KUALA KRAI,N.40,GUCHIL,19088,84.79,12.15,2.67,0.05,0.04,0.03,0.27,SEMI URBAN
P.031_N.41,KELANTAN,P.031,KUALA KRAI,N.41,MANEK URAI,15879,99.38,0.31,0.20,0.02,0.02,0.00,0.07,RURAL
P.031_N.42,KELANTAN,P.031,KUALA KRAI,N.42,DABONG,10460,99.23,0.15,0.41,0.03,0.04,0.00,0.14,RURAL
P.032_N.43,KELANTAN,P.032,GUA MUSANG,N.43,NENGGIRI,11572,80.63,0.29,0.01,0.03,0.03,18.76,0.26,RURAL
P.032_N.44,KELANTAN,P.032,GUA MUSANG,N.44,PALOH,13642,98.21,0.14,0.04,0.01,0.01,1.49,0.10,RURAL
P.032_N.45,KELANTAN,P.032,GUA MUSANG,N.45,GALAS,14962,63.90,18.13,1.53,0.05,0.09,16.03,0.28,RURAL
P.033_N.01,TERENGGANU,P.033,BESUT,N.01,KUALA BESUT,17679,98.70,0.80,0.08,0.06,0.21,0.01,0.14,SEMI URBAN
P.033_N.02,TERENGGANU,P.033,BESUT,N.02,KOTA PUTERA,19727,98.67,0.71,0.06,0.02,0.08,0.00,0.46,SEMI URBAN
P.033_N.03,TERENGGANU,P.033,BESUT,N.03,JERTIH,18770,95.74,3.81,0.17,0.02,0.05,0.00,0.20,SEMI URBAN
P.033_N.04,TERENGGANU,P.033,BESUT,N.04,HULU BESUT,16390,98.73,0.99,0.07,0.05,0.01,0.06,0.08,RURAL
P.034_N.05,TERENGGANU,P.034,SETIU,N.05,JABI,16787,99.19,0.49,0.01,0.04,0.02,0.01,0.24,RURAL
P.034_N.06,TERENGGANU,P.034,SETIU,N.06,PERMAISURI,20322,99.32,0.55,0.02,0.01,0.03,0.00,0.07,RURAL
P.034_N.07,TERENGGANU,P.034,SETIU,N.07,LANGKAP,16124,99.78,0.06,0.03,0.01,0.03,0.00,0.09,RURAL
P.034_N.08,TERENGGANU,P.034,SETIU,N.08,BATU RAKIT,14047,99.59,0.31,0.01,0.05,0.01,0.01,0.02,RURAL
P.035_N.09,TERENGGANU,P.035,KUALA NERUS,N.09,TEPUH,25162,99.10,0.63,0.08,0.03,0.05,0.00,0.12,SEMI URBAN
P.035_N.10,TERENGGANU,P.035,KUALA NERUS,N.10,TELUK PASU,20121,98.33,1.52,0.03,0.03,0.02,0.00,0.07,SEMI URBAN
P.035_N.11,TERENGGANU,P.035,KUALA NERUS,N.11,SEBERANG TAKIR,16212,99.11,0.16,0.12,0.19,0.26,0.00,0.17,SEMI URBAN
P.035_N.12,TERENGGANU,P.035,KUALA NERUS,N.12,BUKIT TUNGGAL,14743,98.30,1.49,0.13,0.02,0.01,0.01,0.04,SEMI URBAN
P.036_N.13,TERENGGANU,P.036,KUALA TERENGGANU,N.13,WAKAF MEMPELAM,25240,99.40,0.45,0.07,0.01,0.04,0.00,0.04,URBAN
P.036_N.14,TERENGGANU,P.036,KUALA TERENGGANU,N.14,BANDAR,20390,62.43,36.23,1.12,0.02,0.02,0.00,0.17,URBAN
P.036_N.15,TERENGGANU,P.036,KUALA TERENGGANU,N.15,LADANG,20089,90.84,7.61,1.14,0.12,0.13,0.00,0.15,URBAN
P.036_N.16,TERENGGANU,P.036,KUALA TERENGGANU,N.16,BATU BURUK,28687,97.84,1.74,0.26,0.03,0.02,0.00,0.11,SEMI URBAN
P.037_N.17,TERENGGANU,P.037,MARANG,N.17,ALUR LIMBAT,23983,96.31,3.49,0.08,0.02,0.05,0.00,0.06,SEMI URBAN
P.037_N.18,TERENGGANU,P.037,MARANG,N.18,BUKIT PAYUNG,20063,99.53,0.29,0.08,0.01,0.04,0.00,0.04,SEMI URBAN
P.037_N.19,TERENGGANU,P.037,MARANG,N.19,RU RENDANG,22662,99.37,0.43,0.08,0.03,0.04,0.00,0.03,SEMI URBAN
P.037_N.20,TERENGGANU,P.037,MARANG,N.20,PENGKALAN BERANGAN,24087,95.67,4.01,0.10,0.05,0.06,0.00,0.12,RURAL
P.038_N.21,TERENGGANU,P.038,HULU TERENGGANU,N.21,TELEMUNG,15742,99.19,0.10,0.01,0.01,0.02,0.61,0.06,RURAL
P.038_N.22,TERENGGANU,P.038,HULU TERENGGANU,N.22,MANIR,14637,99.49,0.38,0.03,0.04,0.02,0.00,0.03,SEMI URBAN
P.038_N.23,TERENGGANU,P.038,HULU TERENGGANU,N.23,KUALA BERANG,15330,98.86,0.89,0.06,0.03,0.07,0.00,0.09,RURAL
P.038_N.24,TERENGGANU,P.038,HULU TERENGGANU,N.24,AJIL,17834,98.93,0.79,0.08,0.04,0.04,0.01,0.11,RURAL
P.039_N.25,TERENGGANU,P.039,DUNGUN,N.25,BUKIT BESI,13387,99.25,0.25,0.13,0.02,0.12,0.00,0.23,RURAL
P.039_N.26,TERENGGANU,P.039,DUNGUN,N.26,RANTAU ABANG,20618,98.91,0.64,0.10,0.05,0.03,0.00,0.27,RURAL
P.039_N.27,TERENGGANU,P.039,DUNGUN,N.27,SURA,17705,90.74,8.60,0.50,0.01,0.03,0.00,0.12,SEMI URBAN
P.039_N.28,TERENGGANU,P.039,DUNGUN,N.28,PAKA,26464,94.65,4.86,0.14,0.15,0.08,0.00,0.11,RURAL
P.040_N.29,TERENGGANU,P.040,KEMAMAN,N.29,KEMASIK,18847,95.34,3.99,0.36,0.07,0.13,0.01,0.11,RURAL
P.040_N.30,TERENGGANU,P.040,KEMAMAN,N.30,KIJAL,19269,97.32,2.09,0.28,0.05,0.11,0.02,0.13,SEMI URBAN
P.040_N.31,TERENGGANU,P.040,KEMAMAN,N.31,CUKAI,26715,84.64,13.97,1.00,0.12,0.12,0.00,0.15,URBAN
P.040_N.32,TERENGGANU,P.040,KEMAMAN,N.32,AIR PUTIH,27111,95.66,2.65,0.83,0.05,0.04,0.68,0.09,RURAL
P.041_N.01,PULAU PINANG,P.041,KEPALA BATAS,N.01,PENAGA,16681,90.89,8.59,0.38,0.04,0.04,0.00,0.05,SEMI URBAN
P.041_N.02,PULAU PINANG,P.041,KEPALA BATAS,N.02,BERTAM,16221,65.74,24.62,9.36,0.04,0.09,0.00,0.15,SEMI URBAN
P.041_N.03,PULAU PINANG,P.041,KEPALA BATAS,N.03,PINANG TUNGGAL,18733,72.47,23.41,3.89,0.04,0.04,0.00,0.15,SEMI URBAN
P.042_N.04,PULAU PINANG,P.042,TASEK GELUGOR,N.04,PERMATANG BERANGAN,18336,83.03,8.06,8.74,0.04,0.02,0.00,0.11,SEMI URBAN
P.042_N.05,PULAU PINANG,P.042,TASEK GELUGOR,N.05,SUNGAI DUA,17871,84.21,13.53,2.05,0.09,0.04,0.00,0.07,SEMI URBAN
P.042_N.06,PULAU PINANG,P.042,TASEK GELUGOR,N.06,TELOK AYER TAWAR,17835,66.63,22.28,9.94,0.20,0.49,0.00,0.45,SEMI URBAN
P.043_N.07,PULAU PINANG,P.043,BAGAN,N.07,SUNGAI PUYU,25282,7.10,85.22,7.51,0.02,0.01,0.00,0.14,URBAN
P.043_N.08,PULAU PINANG,P.043,BAGAN,N.08,BAGAN JERMAL,24608,16.78,67.77,15.07,0.05,0.04,0.00,0.28,URBAN
P.043_N.09,PULAU PINANG,P.043,BAGAN,N.09,BAGAN DALAM,18613,25.08,50.64,23.85,0.11,0.03,0.00,0.29,URBAN
P.044_N.10,PULAU PINANG,P.044,PERMATANG PAUH,N.10,SEBERANG JAYA,29964,64.49,22.50,12.46,0.08,0.07,0.00,0.39,URBAN
P.044_N.11,PULAU PINANG,P.044,PERMATANG PAUH,N.11,PERMATANG PASIR,22905,73.43,24.80,1.60,0.03,0.01,0.00,0.13,SEMI URBAN
P.044_N.12,PULAU PINANG,P.044,PERMATANG PAUH,N.12,PENANTI,18830,75.52,21.84,2.08,0.04,0.04,0.01,0.48,SEMI URBAN
P.045_N.13,PULAU PINANG,P.045,BUKIT MERTAJAM,N.13,BERAPIT,22394,4.32,85.67,9.65,0.03,0.03,0.00,0.31,URBAN
P.045_N.14,PULAU PINANG,P.045,BUKIT MERTAJAM,N.14,MACHANG BUBUK,30771,36.55,51.79,11.38,0.07,0.02,0.00,0.18,URBAN
P.045_N.15,PULAU PINANG,P.045,BUKIT MERTAJAM,N.15,PADANG LALANG,25831,10.54,81.69,7.51,0.02,0.02,0.00,0.22,URBAN
P.046_N.16,PULAU PINANG,P.046,BATU KAWAN,N.16,PERAI,16058,11.22,52.09,35.91,0.02,0.08,0.00,0.68,URBAN
P.046_N.17,PULAU PINANG,P.046,BATU KAWAN,N.17,BUKIT TENGAH,18928,36.43,45.46,17.84,0.07,0.07,0.00,0.13,URBAN
P.046_N.18,PULAU PINANG,P.046,BATU KAWAN,N.18,BUKIT TAMBUN,22514,13.94,66.93,18.95,0.04,0.03,0.00,0.12,SEMI URBAN
P.047_N.19,PULAU PINANG,P.047,NIBONG TEBAL,N.19,JAWI,24735,22.49,53.55,23.77,0.05,0.03,0.00,0.10,SEMI URBAN
P.047_N.20,PULAU PINANG,P.047,NIBONG TEBAL,N.20,SUNGAI BAKAP,19051,56.62,25.28,17.86,0.05,0.04,0.00,0.15,SEMI URBAN
P.047_N.21,PULAU PINANG,P.047,NIBONG TEBAL,N.21,SUNGAI ACHEH,15559,65.97,26.31,7.52,0.03,0.03,0.02,0.12,SEMI URBAN
P.048_N.22,PULAU PINANG,P.048,BUKIT BENDERA,N.22,TANJONG BUNGA,20068,25.45,61.35,11.62,0.05,0.09,0.01,1.42,URBAN
P.048_N.23,PULAU PINANG,P.048,BUKIT BENDERA,N.23,AIR PUTIH,13803,8.98,82.24,8.23,0.09,0.08,0.00,0.38,URBAN
P.048_N.24,PULAU PINANG,P.048,BUKIT BENDERA,N.24,KEBUN BUNGA,19278,7.31,76.54,15.38,0.01,0.00,0.00,0.75,URBAN
P.048_N.25,PULAU PINANG,P.048,BUKIT BENDERA,N.25,PULAU TIKUS,17936,12.23,77.99,8.20,0.12,0.12,0.00,1.34,URBAN
P.049_N.26,PULAU PINANG,P.049,TANJONG,N.26,PADANG KOTA,15375,6.02,77.75,15.68,0.02,0.01,0.00,0.52,URBAN
P.049_N.27,PULAU PINANG,P.049,TANJONG,N.27,PENGKALAN KOTA,19980,1.18,93.51,5.18,0.02,0.01,0.00,0.12,URBAN
P.049_N.28,PULAU PINANG,P.049,TANJONG,N.28,KOMTAR,16132,9.42,82.35,7.75,0.04,0.11,0.00,0.33,URBAN
P.050_N.29,PULAU PINANG,P.050,JELUTONG,N.29,DATOK KERAMAT,21900,28.96,56.62,13.99,0.06,0.07,0.00,0.29,URBAN
P.050_N.30,PULAU PINANG,P.050,JELUTONG,N.30,SUNGAI PINANG,23501,31.42,54.14,14.10,0.05,0.01,0.00,0.29,URBAN
P.050_N.31,PULAU PINANG,P.050,JELUTONG,N.31,BATU LANCANG,25846,7.12,86.17,6.22,0.02,0.02,0.01,0.43,URBAN
P.051_N.32,PULAU PINANG,P.051,BUKIT GELUGOR,N.32,SERI DELIMA,23841,22.58,65.60,11.08,0.02,0.05,0.00,0.68,URBAN
P.051_N.33,PULAU PINANG,P.051,BUKIT GELUGOR,N.33,AIR ITAM,18407,21.19,69.32,9.09,0.02,0.03,0.00,0.35,URBAN
P.051_N.34,PULAU PINANG,P.051,BUKIT GELUGOR,N.34,PAYA TERUBONG,39649,6.46,82.26,10.92,0.05,0.03,0.00,0.28,URBAN
P.052_N.35,PULAU PINANG,P.052,BAYAN BARU,N.35,BATU UBAN,28649,26.75,59.50,12.94,0.19,0.17,0.00,0.45,URBAN
P.052_N.36,PULAU PINANG,P.052,BAYAN BARU,N.36,PANTAI JEREJAK,21560,39.40,48.48,11.38,0.12,0.04,0.00,0.59,URBAN
P.052_N.37,PULAU PINANG,P.052,BAYAN BARU,N.37,BATU MAUNG,28946,51.22,38.99,8.90,0.23,0.37,0.00,0.29,URBAN
P.053_N.38,PULAU PINANG,P.053,BALIK PULAU,N.38,BAYAN LEPAS,21277,63.87,30.69,5.03,0.10,0.06,0.00,0.24,SEMI URBAN
P.053_N.39,PULAU PINANG,P.053,BALIK PULAU,N.39,PULAU BETONG,15316,62.48,33.61,3.51,0.18,0.12,0.01,0.10,SEMI URBAN
P.053_N.40,PULAU PINANG,P.053,BALIK PULAU,N.40,TELOK BAHANG,13048,63.81,32.51,3.36,0.03,0.06,0.01,0.22,SEMI URBAN
P.054_N.01,PERAK,P.054,GERIK,N.01,PENGKALAN HULU,13924,73.19,9.73,5.93,0.78,0.89,2.71,6.77,RURAL
P.054_N.02,PERAK,P.054,GERIK,N.02,TEMENGOR,18801,64.42,20.21,1.94,0.54,0.93,11.71,0.26,RURAL
P.055_N.03,PERAK,P.055,LENGGONG,N.03,KENERING,15830,82.95,12.36,0.80,0.04,0.03,3.71,0.10,RURAL
P.055_N.04,PERAK,P.055,LENGGONG,N.04,KOTA TAMPAN,12120,80.42,16.88,2.46,0.11,0.06,0.02,0.06,RURAL
P.056_N.05,PERAK,P.056,LARUT,N.05,SELAMA,15403,84.51,8.95,6.36,0.04,0.05,0.00,0.08,RURAL
P.056_N.06,PERAK,P.056,LARUT,N.06,KUBU GAJAH,12611,92.55,2.33,4.69,0.04,0.06,0.01,0.32,RURAL
P.056_N.07,PERAK,P.056,LARUT,N.07,BATU KURAU,18563,89.55,3.46,6.67,0.02,0.02,0.01,0.26,RURAL
P.057_N.08,PERAK,P.057,PARIT BUNTAR,N.08,TITI SERONG,28107,74.89,17.23,7.75,0.04,0.00,0.00,0.09,SEMI URBAN
P.057_N.09,PERAK,P.057,PARIT BUNTAR,N.09,KUALA KURAU,23315,59.70,38.70,1.53,0.02,0.02,0.00,0.03,SEMI URBAN
P.058_N.10,PERAK,P.058,BAGAN SERAI,N.10,ALOR PONGSU,17666,72.27,11.35,16.27,0.02,0.02,0.00,0.08,RURAL
P.058_N.11,PERAK,P.058,BAGAN SERAI,N.11,GUNONG SEMANGGOL,18287,82.37,12.72,4.65,0.03,0.04,0.01,0.17,SEMI URBAN
P.058_N.12,PERAK,P.058,BAGAN SERAI,N.12,SELINSING,18839,72.69,17.72,9.47,0.02,0.03,0.00,0.07,RURAL
P.059_N.13,PERAK,P.059,BUKIT GANTANG,N.13,KUALA SAPETANG,25119,62.98,28.95,7.91,0.02,0.05,0.00,0.09,RURAL
P.059_N.14,PERAK,P.059,BUKIT GANTANG,N.14,CHANGKAT JERING,33095,62.53,25.76,11.40,0.03,0.04,0.00,0.24,URBAN
P.059_N.15,PERAK,P.059,BUKIT GANTANG,N.15,TRONG,13043,74.15,16.45,9.19,0.05,0.04,0.03,0.08,RURAL
P.060_N.16,PERAK,P.060,TAIPING,N.16,KAMUNTING,27348,65.72,18.70,13.49,0.44,1.09,0.04,0.53,URBAN
P.060_N.17,PERAK,P.060,TAIPING,N.17,POKOK ASSAM,22360,16.10,72.38,11.16,0.03,0.02,0.00,0.30,URBAN
P.060_N.18,PERAK,P.060,TAIPING,N.18,AULONG,28440,26.20,56.81,15.37,0.29,0.75,0.05,0.53,URBAN
P.061_N.19,PERAK,P.061,PADANG RENGAS,N.19,CHENDEROH,13617,79.52,14.78,5.56,0.04,0.04,0.00,0.06,RURAL
P.061_N.20,PERAK,P.061,PADANG RENGAS,N.20,LUBOK MERBAU,14901,73.20,18.17,8.52,0.03,0.01,0.01,0.06,RURAL
P.062_N.21,PERAK,P.062,SUNGAI SIPUT,N.21,LINTANG,23433,55.62,18.82,15.06,0.03,0.04,10.37,0.06,RURAL
P.062_N.22,PERAK,P.062,SUNGAI SIPUT,N.22,JALONG,28163,14.27,56.06,26.69,0.05,0.04,2.70,0.19,SEMI URBAN
P.063_N.23,PERAK,P.063,TAMBUN,N.23,MANJOI,51036,67.21,22.37,9.98,0.03,0.05,0.01,0.36,URBAN
P.063_N.24,PERAK,P.063,TAMBUN,N.24,HULU KINTA,38399,59.98,21.55,14.92,0.14,0.31,2.61,0.49,SEMI URBAN
P.064_N.25,PERAK,P.064,IPOH TIMOR,N.25,CANNING,35181,13.69,76.30,7.95,0.38,0.80,0.17,0.71,URBAN
P.064_N.26,PERAK,P.064,IPOH TIMOR,N.26,TEBING TINGGI,19006,20.63,73.05,5.99,0.04,0.04,0.02,0.25,URBAN
P.064_N.27,PERAK,P.064,IPOH TIMOR,N.27,PASIR PINJI,27631,10.39,87.45,2.00,0.02,0.01,0.00,0.14,URBAN
P.065_N.28,PERAK,P.065,IPOH BARAT,N.28,BERCHAM,32816,12.06,76.06,11.53,0.02,0.05,0.03,0.24,URBAN
P.065_N.29,PERAK,P.065,IPOH BARAT,N.29,KEPAYANG,22098,23.84,60.41,14.79,0.09,0.28,0.03,0.55,URBAN
P.065_N.30,PERAK,P.065,IPOH BARAT,N.30,BUNTONG,22847,5.84,43.98,49.40,0.01,0.02,0.01,0.74,URBAN
P.066_N.31,PERAK,P.066,BATU GAJAH,N.31,JELAPANG,30032,6.78,67.62,25.18,0.03,0.03,0.02,0.35,URBAN
P.066_N.32,PERAK,P.066,BATU GAJAH,N.32,MENGLEMBU,30670,4.02,90.09,5.61,0.01,0.02,0.02,0.22,URBAN
P.066_N.33,PERAK,P.066,BATU GAJAH,N.33,TRONOH,26885,22.74,62.39,14.31,0.08,0.13,0.13,0.22,SEMI URBAN
P.067_N.34,PERAK,P.067,KUALA KANGSAR,N.34,BUKIT CHANDAN,15979,66.78,23.81,7.15,0.04,0.09,1.93,0.20,SEMI URBAN
P.067_N.35,PERAK,P.067,KUALA KANGSAR,N.35,MANONG,17561,68.99,24.03,6.80,0.04,0.02,0.01,0.11,RURAL
P.068_N.36,PERAK,P.068,BERUAS,N.36,PENGKALAN BAHARU,17459,66.58,23.03,10.18,0.01,0.06,0.01,0.13,RURAL
P.068_N.37,PERAK,P.068,BERUAS,N.37,PANTAI REMIS,31746,14.08,68.36,17.44,0.02,0.02,0.01,0.07,RURAL
P.069_N.38,PERAK,P.069,PARIT,N.38,BELANJA,15010,86.51,5.58,5.89,0.03,0.03,1.83,0.13,RURAL
P.069_N.39,PERAK,P.069,PARIT,N.39,BOTA,18493,97.20,0.24,0.43,0.04,0.12,1.91,0.06,RURAL
P.070_N.40,PERAK,P.070,KAMPAR,N.40,MALIM NAWAR,24615,19.62,70.74,8.18,0.03,0.03,1.18,0.23,RURAL
P.070_N.41,PERAK,P.070,KAMPAR,N.41,KERANJI,21111,12.68,75.60,9.94,0.06,0.06,1.45,0.21,SEMI URBAN
P.070_N.42,PERAK,P.070,KAMPAR,N.42,TUALANG SEKAH,17893,60.40,28.20,11.04,0.03,0.04,0.15,0.13,RURAL
P.071_N.43,PERAK,P.071,GOPENG,N.43,SUNGAI RAPAT,42873,58.66,30.59,10.16,0.08,0.11,0.13,0.28,URBAN
P.071_N.44,PERAK,P.071,GOPENG,N.44,SIMPANG PULAI,32101,29.58,63.71,6.34,0.04,0.03,0.14,0.17,URBAN
P.071_N.45,PERAK,P.071,GOPENG,N.45,TEJA,22118,31.62,50.06,10.66,0.05,0.06,7.45,0.10,SEMI URBAN
P.072_N.46,PERAK,P.072,TAPAH,N.46,CHENDERIANG,21750,36.02,30.62,12.71,0.06,0.12,20.13,0.33,RURAL
P.072_N.47,PERAK,P.072,TAPAH,N.47,AYER KUNING,23735,56.05,25.35,13.83,0.04,0.11,4.19,0.42,RURAL
P.073_N.48,PERAK,P.073,PASIR SALAK,N.48,SUNGAI MANIK,25028,65.41,27.01,4.70,0.04,0.04,2.72,0.07,RURAL
P.073_N.49,PERAK,P.073,PASIR SALAK,N.49,KAMPONG GAJAH,26470,93.23,0.79,3.09,0.06,0.06,2.68,0.09,RURAL
P.074_N.50,PERAK,P.074,LUMUT,N.50,SITIAWAN,28546,13.43,74.27,11.89,0.15,0.08,0.01,0.16,SEMI URBAN
P.074_N.51,PERAK,P.074,LUMUT,N.51,PASIR PANJANG,35940,69.10,12.65,17.60,0.35,0.12,0.01,0.17,SEMI URBAN
P.074_N.52,PERAK,P.074,LUMUT,N.52,PANGKOR,23814,69.79,23.02,3.87,0.89,2.05,0.08,0.31,SEMI URBAN
P.075_N.53,PERAK,P.075,BAGAN DATOK,N.53,RUNGKUP,15287,67.44,22.98,9.29,0.01,0.01,0.00,0.27,RURAL
P.075_N.54,PERAK,P.075,BAGAN DATOK,N.54,HUTAN MELINTANG,24637,49.76,17.69,32.37,0.02,0.02,0.00,0.13,RURAL
P.076_N.55,PERAK,P.076,TELOK INTAN,N.55,PASIR BEDAMAR,31411,16.59,69.10,14.09,0.01,0.02,0.00,0.19,URBAN
P.076_N.56,PERAK,P.076,TELOK INTAN,N.56,CHANGKAT JONG,29072,62.34,12.58,24.40,0.02,0.04,0.39,0.23,RURAL
P.077_N.57,PERAK,P.077,TANJONG MALIM,N.57,SUNGKAI,19285,23.37,53.78,18.87,0.02,0.05,3.65,0.27,SEMI URBAN
P.077_N.58,PERAK,P.077,TANJONG MALIM,N.58,SLIM,22320,76.56,10.34,11.28,0.05,0.07,1.56,0.13,RURAL
P.077_N.59,PERAK,P.077,TANJONG MALIM,N.59,BEHRANG,22894,56.38,21.39,12.57,0.08,0.10,8.88,0.60,RURAL
P.078_N.01,PAHANG,P.078,CAMERON HIGHLANDS,N.01,TANAH RATA,16796,12.81,53.42,20.27,0.08,0.05,12.99,0.39,SEMI URBAN
P.078_N.02,PAHANG,P.078,CAMERON HIGHLANDS,N.02,JELAI,11184,66.33,0.59,0.72,0.01,0.02,32.24,0.09,RURAL
P.079_N.03,PAHANG,P.079,LIPIS,N.03,PADANG TENGKU,12096,91.80,3.25,3.66,0.01,0.02,1.15,0.12,RURAL
P.079_N.04,PAHANG,P.079,LIPIS,N.04,CHEKA,11920,69.88,24.07,4.93,0.08,0.13,0.77,0.13,SEMI URBAN
P.079_N.05,PAHANG,P.079,LIPIS,N.05,BENTA,8308,62.08,27.53,10.21,0.04,0.04,0.03,0.08,RURAL
P.080_N.06,PAHANG,P.080,RAUB,N.06,BATU TALAM,14016,78.09,9.62,4.30,0.02,0.05,7.77,0.15,RURAL
P.080_N.07,PAHANG,P.080,RAUB,N.07,TRAS,23485,24.14,64.20,10.33,0.03,0.06,0.98,0.27,SEMI URBAN
P.080_N.08,PAHANG,P.080,RAUB,N.08,DONG,16713,62.17,32.59,2.93,0.01,0.04,2.11,0.15,RURAL
P.081_N.09,PAHANG,P.081,JERANTUT,N.09,TAHAN,13584,94.13,0.79,0.74,0.04,0.04,4.14,0.11,RURAL
P.081_N.10,PAHANG,P.081,JERANTUT,N.10,DAMAK,22877,56.48,34.35,5.85,0.08,0.07,3.00,0.16,RURAL
P.081_N.11,PAHANG,P.081,JERANTUT,N.11,PULAU TAWAR,21903,98.75,0.10,0.83,0.01,0.01,0.24,0.06,RURAL
P.082_N.12,PAHANG,P.082,INDERA MAHKOTA,N.12,BESERAH,31685,72.68,23.71,2.66,0.37,0.33,0.02,0.23,SEMI URBAN
P.082_N.13,PAHANG,P.082,INDERA MAHKOTA,N.13,SEMAMBU,32534,56.69,33.20,9.52,0.14,0.14,0.05,0.26,URBAN
P.083_N.14,PAHANG,P.083,KUANTAN,N.14,TERUNTUM,25098,37.43,56.34,5.67,0.15,0.15,0.03,0.25,URBAN
P.083_N.15,PAHANG,P.083,KUANTAN,N.15,TANJUNG LUMPUR,20493,77.37,19.21,3.02,0.06,0.05,0.06,0.23,SEMI URBAN
P.083_N.16,PAHANG,P.083,KUANTAN,N.16,INDERAPURA,10689,92.60,5.36,0.86,0.03,0.03,0.83,0.29,SEMI URBAN
P.084_N.17,PAHANG,P.084,PAYA BESAR,N.17,SUNGAI LEMBING,13751,83.47,14.04,0.33,0.04,0.04,1.98,0.10,RURAL
P.084_N.18,PAHANG,P.084,PAYA BESAR,N.18,LEPAR,15044,76.17,18.73,2.63,0.04,0.07,2.29,0.07,RURAL
P.084_N.19,PAHANG,P.084,PAYA BESAR,N.19,PANCHING,19272,83.98,12.45,3.14,0.06,0.06,0.06,0.25,SEMI URBAN
P.085_N.20,PAHANG,P.085,PEKAN,N.20,PULAU MANIS,18848,91.46,2.85,0.80,0.92,2.23,1.38,0.36,SEMI URBAN
P.085_N.21,PAHANG,P.085,PEKAN,N.21,PERAMU JAYA,28720,92.07,3.73,1.31,0.06,0.06,2.02,0.76,RURAL
P.085_N.22,PAHANG,P.085,PEKAN,N.22,BEBAR,13445,69.59,1.08,1.34,0.02,0.07,27.04,0.85,RURAL
P.085_N.23,PAHANG,P.085,PEKAN,N.23,CHINI,19247,91.60,0.27,0.11,0.01,0.02,7.92,0.06,RURAL
P.086_N.24,PAHANG,P.086,MARAN,N.24,LUIT,11206,80.39,15.43,1.37,0.05,0.03,2.59,0.14,RURAL
P.086_N.25,PAHANG,P.086,MARAN,N.25,KUALA SENTUL,12817,90.04,6.22,2.09,0.03,0.02,1.55,0.05,RURAL
P.086_N.26,PAHANG,P.086,MARAN,N.26,CHENOR,14413,96.83,0.76,0.98,0.05,0.06,1.19,0.13,RURAL
P.087_N.27,PAHANG,P.087,KUALA KRAU,N.27,JENDERAK,9728,70.29,8.79,4.80,0.03,0.06,15.92,0.10,RURAL
P.087_N.28,PAHANG,P.087,KUALA KRAU,N.28,KERDAU,10801,89.33,4.42,3.02,0.01,0.03,3.01,0.19,RURAL
P.087_N.29,PAHANG,P.087,KUALA KRAU,N.29,JENGKA,22474,98.22,0.15,1.51,0.02,0.04,0.00,0.06,RURAL
P.088_N.30,PAHANG,P.088,TEMERLOH,N.30,MENTAKAB,16991,51.95,40.07,5.83,0.04,0.06,1.61,0.45,SEMI URBAN
P.088_N.31,PAHANG,P.088,TEMERLOH,N.31,LANCHANG,23624,58.21,21.32,16.05,0.50,1.41,2.13,0.38,RURAL
P.088_N.32,PAHANG,P.088,TEMERLOH,N.32,KUALA SEMANTAN,25490,78.27,16.34,3.85,0.27,0.54,0.29,0.44,RURAL
P.089_N.33,PAHANG,P.089,BENTONG,N.33,BILUT,17680,32.54,57.20,9.39,0.07,0.11,0.48,0.21,SEMI URBAN
P.089_N.34,PAHANG,P.089,BENTONG,N.34,KETARI,21681,44.85,47.29,4.85,0.20,0.39,2.15,0.26,SEMI URBAN
P.089_N.35,PAHANG,P.089,BENTONG,N.35,SABAI,10868,36.49,39.70,19.94,0.03,0.03,3.61,0.20,RURAL
P.089_N.36,PAHANG,P.089,BENTONG,N.36,PELANGAI,12037,69.23,21.96,6.55,0.02,0.04,2.13,0.07,RURAL
P.090_N.37,PAHANG,P.090,BERA,N.37,GUAI,17034,86.60,7.64,2.16,0.01,0.03,3.52,0.04,RURAL
P.090_N.38,PAHANG,P.090,BERA,N.38,TRIANG,18527,25.74,68.92,4.49,0.04,0.06,0.63,0.12,SEMI URBAN
P.090_N.39,PAHANG,P.090,BERA,N.39,KEMAYAN,15436,70.06,14.25,5.14,0.03,0.06,10.38,0.09,RURAL
P.091_N.40,PAHANG,P.091,ROMPIN,N.40,BUKIT IBAM,19671,90.53,0.40,1.23,0.08,0.05,7.59,0.12,RURAL
P.091_N.41,PAHANG,P.091,ROMPIN,N.41,MUADZAM SHAH,17409,86.74,0.81,1.72,0.03,0.04,10.40,0.25,RURAL
P.091_N.42,PAHANG,P.091,ROMPIN,N.42,TIOMAN,16516,85.34,6.74,0.47,0.05,0.07,7.19,0.14,RURAL
P.092_N.01,SELANGOR,P.092,SABAK BERNAM,N.01,SUNGAI AIR TAWAR,15187,85.15,11.57,3.16,0.01,0.03,0.00,0.08,RURAL
P.092_N.02,SELANGOR,P.092,SABAK BERNAM,N.02,SABAK,22131,80.26,13.23,6.30,0.02,0.06,0.00,0.11,RURAL
P.093_N.03,SELANGOR,P.093,SUNGAI BESAR,N.03,SUNGAI PANJANG,26590,83.20,14.99,1.55,0.06,0.04,0.00,0.15,SEMI URBAN
P.093_N.04,SELANGOR,P.093,SUNGAI BESAR,N.04,SEKINCHAN,16247,40.20,57.31,2.31,0.05,0.02,0.01,0.09,SEMI URBAN
P.094_N.05,SELANGOR,P.094,HULU SELANGOR,N.05,HULU BERNAM,20933,68.37,16.68,14.12,0.04,0.03,0.49,0.28,RURAL
P.094_N.06,SELANGOR,P.094,HULU SELANGOR,N.06,KUALA KUBU BAHARU,21186,32.91,42.72,20.94,0.19,0.36,2.46,0.41,SEMI URBAN
P.094_N.07,SELANGOR,P.094,HULU SELANGOR,N.07,BATANG KALI,43578,62.86,17.30,17.71,0.10,0.10,1.51,0.42,SEMI URBAN
P.095_N.08,SELANGOR,P.095,TANJONG KARANG,N.08,SUNGAI BURONG,22697,85.47,11.71,2.52,0.05,0.04,0.00,0.22,RURAL
P.095_N.09,SELANGOR,P.095,TANJONG KARANG,N.09,PERMATANG,19636,59.29,22.28,18.20,0.04,0.03,0.01,0.17,RURAL
P.096_N.10,SELANGOR,P.096,KUALA SELANGOR,N.10,BUKIT MELAWATI,16118,57.64,12.07,29.84,0.05,0.12,0.02,0.26,SEMI URBAN
P.096_N.11,SELANGOR,P.096,KUALA SELANGOR,N.11,IJOK,18639,49.12,16.73,33.86,0.04,0.03,0.01,0.20,SEMI URBAN
P.096_N.12,SELANGOR,P.096,KUALA SELANGOR,N.12,JERAM,27541,78.72,11.63,9.35,0.09,0.07,0.00,0.14,SEMI URBAN
P.097_N.13,SELANGOR,P.097,SELAYANG,N.13,KUANG,24319,62.02,20.76,15.57,0.14,0.16,0.71,0.65,SEMI URBAN
P.097_N.14,SELANGOR,P.097,SELAYANG,N.14,RAWANG,32208,23.19,50.12,25.60,0.20,0.18,0.03,0.69,URBAN
P.097_N.15,SELANGOR,P.097,SELAYANG,N.15,TAMAN TEMPLER,49368,51.51,34.62,12.95,0.15,0.18,0.02,0.57,URBAN
P.098_N.16,SELANGOR,P.098,GOMBAK,N.16,BATU CAVES,30869,59.68,13.84,24.75,0.17,0.14,0.06,1.34,URBAN
P.098_N.17,SELANGOR,P.098,GOMBAK,N.17,GOMBAK SETIA,46285,76.70,11.74,9.20,0.12,0.16,0.94,1.14,URBAN
P.098_N.18,SELANGOR,P.098,GOMBAK,N.18,HULU KELANG,46136,80.43,14.31,4.06,0.12,0.12,0.11,0.85,URBAN
P.099_N.19,SELANGOR,P.099,AMPANG,N.19,BUKIT ANTARABANGSA,34467,56.72,35.73,5.64,0.17,0.17,0.01,1.55,URBAN
P.099_N.20,SELANGOR,P.099,AMPANG,N.20,LEMBAH JAYA,48668,54.26,31.86,12.66,0.19,0.12,0.01,0.90,URBAN
P.100_N.21,SELANGOR,P.100,PANDAN,N.21,CHEMPAKA,42995,53.40,38.18,7.28,0.35,0.20,0.01,0.59,URBAN
P.100_N.22,SELANGOR,P.100,PANDAN,N.22,TERATAI,40862,34.85,58.63,5.85,0.25,0.08,0.00,0.34,URBAN
P.101_N.23,SELANGOR,P.101,HULU LANGAT,N.23,DUSUN TUA,46038,53.26,37.43,6.88,0.31,0.43,0.86,0.83,URBAN
P.101_N.24,SELANGOR,P.101,HULU LANGAT,N.24,SEMENYIH,42344,56.07,25.15,17.22,0.21,0.23,0.57,0.55,URBAN
P.101_N.25,SELANGOR,P.101,HULU LANGAT,N.25,KAJANG,38965,48.50,40.44,10.15,0.20,0.18,0.03,0.51,URBAN
P.102_N.26,SELANGOR,P.102,SERDANG,N.26,BANGI,53268,66.66,18.95,13.46,0.21,0.20,0.01,0.50,URBAN
P.102_N.27,SELANGOR,P.102,SERDANG,N.27,BALAKONG,42829,33.47,55.36,10.34,0.18,0.15,0.00,0.49,URBAN
P.102_N.28,SELANGOR,P.102,SERDANG,N.28,SERI KEMBANGAN,37042,7.68,83.51,8.36,0.12,0.10,0.01,0.22,URBAN
P.103_N.29,SELANGOR,P.103,PUCHONG,N.29,SERI SERDANG,72769,46.09,36.13,16.50,0.31,0.25,0.19,0.53,URBAN
P.103_N.30,SELANGOR,P.103,PUCHONG,N.30,KINRARA,34241,25.06,59.23,14.63,0.22,0.17,0.01,0.67,URBAN
P.104_N.31,SELANGOR,P.104,KELANA JAYA,N.31,SUBANG JAYA,61688,29.19,56.80,11.93,0.46,0.31,0.00,1.31,URBAN
P.104_N.32,SELANGOR,P.104,KELANA JAYA,N.32,SERI SETIA,39548,51.57,18.18,28.95,0.35,0.20,0.01,0.75,URBAN
P.105_N.33,SELANGOR,P.105,PETALING JAYA SELATAN,N.33,TAMAN MEDAN,44974,60.86,20.23,17.91,0.09,0.05,0.00,0.87,URBAN
P.105_N.34,SELANGOR,P.105,PETALING JAYA SELATAN,N.34,BUKIT GASING,34584,13.47,69.15,14.64,0.18,0.28,0.02,2.27,URBAN
P.106_N.35,SELANGOR,P.106,PETALING JAYA UTARA,N.35,KAMPUNG TUNKU,32007,19.96,66.77,11.50,0.12,0.12,0.00,1.53,URBAN
P.106_N.36,SELANGOR,P.106,PETALING JAYA UTARA,N.36,DAMANSARA UTAMA,53394,10.69,83.39,4.91,0.11,0.09,0.01,0.81,URBAN
P.107_N.37,SELANGOR,P.107,SUBANG,N.37,BUKIT LANJAN,39978,28.16,56.67,13.40,0.25,0.14,0.71,0.67,URBAN
P.107_N.38,SELANGOR,P.107,SUBANG,N.38,PAYA JARAS,43617,56.96,30.40,11.40,0.23,0.22,0.03,0.76,URBAN
P.107_N.39,SELANGOR,P.107,SUBANG,N.39,KOTA DAMANSARA,44948,56.12,28.90,13.24,0.52,0.68,0.02,0.52,URBAN
P.108_N.40,SELANGOR,P.108,SHAH ALAM,N.40,KOTA ANGGERIK,54952,70.01,17.01,11.89,0.27,0.25,0.08,0.49,URBAN
P.108_N.41,SELANGOR,P.108,SHAH ALAM,N.41,BATU TIGA,45005,69.83,12.41,16.98,0.24,0.14,0.04,0.36,URBAN
P.109_N.42,SELANGOR,P.109,KAPAR,N.42,MERU,39457,60.17,27.04,12.41,0.12,0.06,0.01,0.20,URBAN
P.109_N.43,SELANGOR,P.109,KAPAR,N.43,SEMENTA,40406,45.57,28.16,25.62,0.34,0.10,0.00,0.21,URBAN
P.109_N.44,SELANGOR,P.109,KAPAR,N.44,SUNGAI PINANG,27404,31.01,62.64,5.91,0.12,0.06,0.00,0.24,URBAN
P.109_N.45,SELANGOR,P.109,KAPAR,N.45,SELAT KLANG,36892,63.93,24.97,10.37,0.17,0.06,0.07,0.44,URBAN
P.110_N.46,SELANGOR,P.110,KLANG,N.46,PELABUHAN KLANG,39972,51.83,28.44,18.35,0.61,0.14,0.15,0.49,URBAN
P.110_N.47,SELANGOR,P.110,KLANG,N.47,PANDAMARAN,27594,23.61,59.04,16.19,0.46,0.23,0.01,0.46,URBAN
P.110_N.48,SELANGOR,P.110,KLANG,N.48,KOTA ALAM SHAH,29507,16.11,56.89,25.15,0.46,0.16,0.01,1.23,URBAN
P.111_N.49,SELANGOR,P.111,KOTA RAJA,N.49,SERI ANDALAS,56763,39.49,24.12,35.48,0.29,0.08,0.00,0.54,URBAN
P.111_N.50,SELANGOR,P.111,KOTA RAJA,N.50,SRI MUDA,49146,50.52,25.59,22.50,0.56,0.16,0.01,0.65,URBAN
P.112_N.51,SELANGOR,P.112,KUALA LANGAT,N.51,SIJANGKANG,30581,66.08,15.15,16.47,0.15,0.09,1.79,0.28,SEMI URBAN
P.112_N.52,SELANGOR,P.112,KUALA LANGAT,N.52,TELUK DATUK,24340,30.81,44.85,20.16,0.24,0.05,3.53,0.37,SEMI URBAN
P.112_N.53,SELANGOR,P.112,KUALA LANGAT,N.53,MORIB,33553,61.32,21.83,15.57,0.12,0.20,0.65,0.31,SEMI URBAN
P.113_N.54,SELANGOR,P.113,SEPANG,N.54,TANJONG SEPAT,22213,55.66,28.10,13.19,0.04,0.04,2.87,0.10,SEMI URBAN
P.113_N.55,SELANGOR,P.113,SEPANG,N.55,DENGKIL,38400,69.36,12.02,14.54,0.23,0.16,3.27,0.42,SEMI URBAN
P.113_N.56,SELANGOR,P.113,SEPANG,N.56,SUNGAI PELEK,23749,45.85,32.78,20.59,0.24,0.21,0.03,0.29,SEMI URBAN
P.126_N.01,NEGERI SEMBILAN,P.126,JELEBU,N.01,CHENNAH,11160,42.79,50.76,2.26,0.04,0.04,4.00,0.12,RURAL
P.126_N.02,NEGERI SEMBILAN,P.126,JELEBU,N.02,PERTANG,9760,64.91,21.49,6.94,0.04,0.02,6.52,0.09,RURAL
P.126_N.03,NEGERI SEMBILAN,P.126,JELEBU,N.03,SUNGAI LUI,14523,78.10,6.58,9.58,0.36,0.24,5.06,0.08,RURAL
P.126_N.04,NEGERI SEMBILAN,P.126,JELEBU,N.04,KLAWANG,9494,63.89,30.77,3.78,0.07,0.11,1.32,0.06,RURAL
P.127_N.05,NEGERI SEMBILAN,P.127,JEMPOL,N.05,SERTING,19389,74.69,15.67,9.23,0.05,0.07,0.16,0.14,RURAL
P.127_N.06,NEGERI SEMBILAN,P.127,JEMPOL,N.06,PALONG,16044,90.94,2.04,6.76,0.02,0.03,0.12,0.08,RURAL
P.127_N.07,NEGERI SEMBILAN,P.127,JEMPOL,N.07,JERAM PADANG,11336,48.43,11.33,36.13,0.00,0.03,3.97,0.11,RURAL
P.127_N.08,NEGERI SEMBILAN,P.127,JEMPOL,N.08,BAHAU,18444,26.97,64.30,8.40,0.11,0.05,0.02,0.16,SEMI URBAN
P.128_N.09,NEGERI SEMBILAN,P.128,SEREMBAN,N.09,LENGGENG,15340,74.61,15.59,6.82,0.07,0.08,2.59,0.23,RURAL
P.128_N.10,NEGERI SEMBILAN,P.128,SEREMBAN,N.10,NILAI,20629,30.68,45.46,22.17,0.27,0.15,0.94,0.32,SEMI URBAN
P.128_N.11,NEGERI SEMBILAN,P.128,SEREMBAN,N.11,LOBAK,18634,4.01,73.41,21.18,0.12,0.02,0.83,0.43,URBAN
P.128_N.12,NEGERI SEMBILAN,P.128,SEREMBAN,N.12,TEMIANG,11127,30.98,56.37,11.53,0.18,0.28,0.07,0.59,URBAN
P.128_N.13,NEGERI SEMBILAN,P.128,SEREMBAN,N.13,SIKAMAT,19640,62.70,27.19,8.84,0.18,0.45,0.10,0.53,URBAN
P.128_N.14,NEGERI SEMBILAN,P.128,SEREMBAN,N.14,AMPANGAN,16935,61.49,29.29,8.34,0.12,0.05,0.01,0.70,URBAN
P.129_N.15,NEGERI SEMBILAN,P.129,KUALA PILAH,N.15,JUASSEH,9528,79.44,12.94,5.59,0.04,0.12,1.72,0.15,RURAL
P.129_N.16,NEGERI SEMBILAN,P.129,KUALA PILAH,N.16,SERI MENANTI,8250,92.91,3.19,0.24,0.07,0.02,3.48,0.08,RURAL
P.129_N.17,NEGERI SEMBILAN,P.129,KUALA PILAH,N.17,SENALING,8028,77.80,18.76,3.21,0.02,0.07,0.00,0.12,RURAL
P.129_N.18,NEGERI SEMBILAN,P.129,KUALA PILAH,N.18,PILAH,12184,64.80,26.18,8.63,0.08,0.08,0.02,0.21,RURAL
P.129_N.19,NEGERI SEMBILAN,P.129,KUALA PILAH,N.19,JOHOL,9681,71.19,19.14,5.41,0.05,0.05,4.03,0.12,RURAL
P.130_N.20,NEGERI SEMBILAN,P.130,RASAH,N.20,LABU,15158,66.47,12.46,18.19,0.21,0.16,2.28,0.24,SEMI URBAN
P.130_N.21,NEGERI SEMBILAN,P.130,RASAH,N.21,BUKIT KEPAYANG,21799,17.08,59.83,21.68,0.11,0.17,0.31,0.83,URBAN
P.130_N.22,NEGERI SEMBILAN,P.130,RASAH,N.22,RAHANG,15144,30.79,45.79,20.89,0.46,0.59,0.05,1.43,URBAN
P.130_N.23,NEGERI SEMBILAN,P.130,RASAH,N.23,MAMBAU,20541,12.77,61.74,24.45,0.09,0.05,0.00,0.88,URBAN
P.130_N.24,NEGERI SEMBILAN,P.130,RASAH,N.24,SENAWANG,15761,22.38,51.97,24.84,0.08,0.27,0.04,0.41,URBAN
P.131_N.25,NEGERI SEMBILAN,P.131,REMBAU,N.25,PAROI,31862,69.68,12.15,17.56,0.14,0.16,0.01,0.30,URBAN
P.131_N.26,NEGERI SEMBILAN,P.131,REMBAU,N.26,CHEMBONG,16287,79.50,8.14,10.89,0.06,0.09,1.22,0.10,SEMI URBAN
P.131_N.27,NEGERI SEMBILAN,P.131,REMBAU,N.27,RANTAU,18232,51.76,20.30,27.53,0.10,0.07,0.02,0.23,SEMI URBAN
P.131_N.28,NEGERI SEMBILAN,P.131,REMBAU,N.28,KOTA,13280,86.60,7.32,5.01,0.05,0.06,0.88,0.09,RURAL
P.132_N.29,NEGERI SEMBILAN,P.132,TELOK KEMANG,N.29,CHUAH,11127,20.92,56.87,21.98,0.03,0.05,0.03,0.12,RURAL
P.132_N.30,NEGERI SEMBILAN,P.132,TELOK KEMANG,N.30,LUKUT,13463,18.35,57.63,23.69,0.06,0.07,0.00,0.20,SEMI URBAN
P.132_N.31,NEGERI SEMBILAN,P.132,TELOK KEMANG,N.31,BAGAN PINANG,17377,68.77,8.83,16.72,1.84,3.32,0.10,0.41,SEMI URBAN
P.132_N.32,NEGERI SEMBILAN,P.132,TELOK KEMANG,N.32,LINGGI,14926,57.49,20.31,18.78,0.66,1.70,0.81,0.25,RURAL
P.132_N.33,NEGERI SEMBILAN,P.132,TELOK KEMANG,N.33,PORT DICKSON,13631,33.22,38.15,27.53,0.19,0.19,0.01,0.72,SEMI URBAN
P.133_N.34,NEGERI SEMBILAN,P.133,TAMPIN,N.34,GEMAS,22771,82.56,8.30,5.30,1.02,2.49,0.07,0.26,RURAL
P.133_N.35,NEGERI SEMBILAN,P.133,TAMPIN,N.35,GEMENCHEH,15390,60.99,23.79,15.04,0.03,0.03,0.07,0.05,RURAL
P.133_N.36,NEGERI SEMBILAN,P.133,TAMPIN,N.36,REPAH,19107,36.75,43.02,19.48,0.05,0.06,0.29,0.35,SEMI URBAN
P.134_N.01,MELAKA,P.134,MASJID TANAH,N.01,KUALA LINGGI,10033,71.90,25.05,1.66,0.05,0.06,0.01,1.27,SEMI URBAN
P.134_N.02,MELAKA,P.134,MASJID TANAH,N.02,TANJUNG BIDARA,9008,93.55,4.53,1.73,0.07,0.07,0.00,0.06,SEMI URBAN
P.134_N.03,MELAKA,P.134,MASJID TANAH,N.03,AYER LIMAU,10058,89.89,4.70,5.22,0.02,0.08,0.00,0.09,RURAL
P.134_N.04,MELAKA,P.134,MASJID TANAH,N.04,LENDU,8848,75.14,18.85,5.32,0.17,0.36,0.01,0.15,SEMI URBAN
P.134_N.05,MELAKA,P.134,MASJID TANAH,N.05,TABOH NANING,8005,78.58,13.53,5.87,0.04,0.04,1.87,0.07,RURAL
P.135_N.06,MELAKA,P.135,ALOR GAJAH,N.06,REMBIA,13412,64.11,21.60,13.97,0.07,0.12,0.00,0.13,SEMI URBAN
P.135_N.07,MELAKA,P.135,ALOR GAJAH,N.07,GADEK,12246,57.32,27.07,15.22,0.02,0.07,0.14,0.16,SEMI URBAN
P.135_N.08,MELAKA,P.135,ALOR GAJAH,N.08,MACHAP,11682,40.87,43.05,14.33,0.09,0.03,1.52,0.12,RURAL
P.135_N.09,MELAKA,P.135,ALOR GAJAH,N.09,DURIAN TUNGGAL,11306,67.70,23.23,8.77,0.10,0.07,0.04,0.10,SEMI URBAN
P.135_N.10,MELAKA,P.135,ALOR GAJAH,N.10,ASAHAN,14945,61.18,25.52,11.88,0.07,0.03,1.15,0.17,RURAL
P.136_N.11,MELAKA,P.136,TANGGA BATU,N.11,SUNGAI UDANG,17693,81.30,5.56,1.51,3.66,6.83,0.50,0.64,SEMI URBAN
P.136_N.12,MELAKA,P.136,TANGGA BATU,N.12,PANTAI KUNDOR,13079,82.56,15.27,0.86,0.56,0.23,0.01,0.52,SEMI URBAN
P.136_N.13,MELAKA,P.136,TANGGA BATU,N.13,PAYA RUMPUT,23432,56.29,35.48,7.51,0.12,0.11,0.01,0.49,URBAN
P.136_N.14,MELAKA,P.136,TANGGA BATU,N.14,KELEBANG,19078,60.32,36.63,2.34,0.16,0.19,0.02,0.35,SEMI URBAN
P.137_N.15,MELAKA,P.137,BUKIT KATIL,N.15,BACHANG,28367,48.46,46.31,4.54,0.16,0.09,0.00,0.43,URBAN
P.137_N.16,MELAKA,P.137,BUKIT KATIL,N.16,AYER KEROH,34225,35.58,55.52,8.01,0.18,0.13,0.01,0.58,URBAN
P.137_N.17,MELAKA,P.137,BUKIT KATIL,N.17,BUKIT BARU,21292,61.30,33.40,4.39,0.22,0.20,0.00,0.49,URBAN
P.137_N.18,MELAKA,P.137,BUKIT KATIL,N.18,AYER MOLEK,15554,86.92,8.24,4.53,0.05,0.05,0.00,0.22,SEMI URBAN
P.138_N.19,MELAKA,P.138,KOTA MELAKA,N.19,KESIDANG,17597,34.64,62.25,2.51,0.07,0.07,0.01,0.45,URBAN
P.138_N.20,MELAKA,P.138,KOTA MELAKA,N.20,KOTA LAKSAMANA,19732,13.66,82.56,3.38,0.08,0.04,0.00,0.28,URBAN
P.138_N.21,MELAKA,P.138,KOTA MELAKA,N.21,DUYONG,18332,50.42,44.29,4.85,0.05,0.07,0.00,0.31,URBAN
P.138_N.22,MELAKA,P.138,KOTA MELAKA,N.22,BANDAR HILIR,18976,12.17,76.85,5.40,0.11,0.16,0.02,5.30,URBAN
P.138_N.23,MELAKA,P.138,KOTA MELAKA,N.23,TELOK MAS,17685,71.60,25.93,1.93,0.04,0.08,0.00,0.42,SEMI URBAN
P.139_N.24,MELAKA,P.139,JASIN,N.24,BEMBAN,15811,59.09,24.47,16.10,0.04,0.09,0.06,0.15,RURAL
