UNIQUE CODE,STATE,PARLIAMENTARY CONSTITUENCY CODE,PARLIAMENTARY CONSTITUENCY NAME,TOTAL ELECTORS,MALAY (%),CHINESE (%),INDIANS (%),BUMIPUTERA SABAH (%),BUMIPUTERA SARAWAK (%),ORANG ASLI (%),OTHERS (%),ELECTORS - ORDINARY VOTERS (%),ELECTORS - ABSENT VOTERS (%),ELECTORS - POLICE (%),ELECTORS - MILITARY (%),21-29 (%),30-39 (%),40-49 (%),50-59 (%),60-69 (%),70-79 (%),80-89 (%),90 AND ABOVE (%),MALE ELECTORS (%),FEMALE ELECTORS (%),URBAN-RURAL CLASSIFICATION (2018)
P. 001,PERLIS,P. 001,PADANG BESAR,46096,86.61,8.45,0.88,0.3,0.68,0.02,3.07,,,,,,,,,,,,,,,SEMI URBAN
P. 002,PERLIS,P. 002,KANGAR,55938,81.71,15.23,1.68,0.07,0.09,0,1.22,,,,,,,,,,,,,,,SEMI URBAN
P. 003,PERLIS,P. 003,ARAU,48187,87.66,7.66,1.65,0.09,0.07,0.01,2.87,,,,,,,,,,,,,,,RURAL
P. 004,KEDAH,P. 004,LANGKAWI,42697,90.37,6.51,2.4,0.19,0.17,0,0.36,,,,,,,,,,,,,,,SEMI URBAN
P. 005,KEDAH,P. 005,JERLUN,54132,91.23,6.89,0.1,0.03,0.02,0,1.73,,,,,,,,,,,,,,,RURAL
P. 006,KEDAH,P. 006,KUBANG PASU,73881,86.49,8.53,3.46,0.18,0.18,0.01,1.16,,,,,,,,,,,,,,,SEMI URBAN
P. 007,KEDAH,P. 007,PADANG TERAP,46644,92.14,1.27,0.17,0.03,0.03,0,6.35,,,,,,,,,,,,,,,RURAL
P. 008,KEDAH,P. 008,POKOK SENA,86892,81.45,15.45,2.45,0.06,0.12,0,0.46,,,,,,,,,,,,,,,SEMI URBAN
P. 009,KEDAH,P. 009,ALOR SETAR,80272,63.58,31.72,4.21,0.05,0.1,0,0.35,,,,,,,,,,,,,,,URBAN
P. 010,KEDAH,P. 010,KUALA KEDAH,97753,78.27,20.25,1.12,0.03,0.03,0,0.3,,,,,,,,,,,,,,,SEMI URBAN
P. 011,KEDAH,P. 011,PENDANG,74867,88.76,5.07,0.54,0.03,0.03,0.01,5.57,,,,,,,,,,,,,,,RURAL
P. 012,KEDAH,P. 012,JERAI,79976,80.19,13.57,5.91,0.02,0.04,0,0.26,,,,,,,,,,,,,,,SEMI URBAN
P. 013,KEDAH,P. 013,SIK,50385,92.98,1.46,0.17,0.05,0.03,0.01,5.31,,,,,,,,,,,,,,,RURAL
P. 014,KEDAH,P. 014,MERBOK,87782,68.58,15.06,15.34,0.16,0.39,0.01,0.46,,,,,,,,,,,,,,,SEMI URBAN
P. 015,KEDAH,P. 015,SUNGAI PETANI,112577,60.71,26.83,11.95,0.04,0.05,0.01,0.42,,,,,,,,,,,,,,,URBAN
P. 016,KEDAH,P. 016,BALING,107213,88.7,4.38,5.14,0.05,0.04,0.11,1.41,,,,,,,,,,,,,,,RURAL
P. 017,KEDAH,P. 017,PADANG SERAI,84834,59.05,19.79,20.74,0.04,0.04,0,0.33,,,,,,,,,,,,,,,URBAN
P. 018,KEDAH,P. 018,KULIM-BANDAR BAHARU,66587,69.18,17.65,12.87,0.06,0.07,0,0.16,,,,,,,,,,,,,,,SEMI URBAN
P. 019,KELANTAN,P. 019,TUMPAT,110924,92.92,3.13,0.15,0.02,0.05,0,3.73,,,,,,,,,,,,,,,SEMI URBAN
P. 020,KELANTAN,P. 020,PENGKALAN CHEPA,75384,97.93,1.49,0.11,0.08,0.11,0.01,0.27,,,,,,,,,,,,,,,URBAN
P. 021,KELANTAN,P. 021,KOTA BHARU,88708,84.46,14.21,0.78,0.04,0.05,0,0.47,,,,,,,,,,,,,,,URBAN
P. 022,KELANTAN,P. 022,PASIR MAS,71222,97.59,1.99,0.06,0.03,0.04,0,0.3,,,,,,,,,,,,,,,SEMI URBAN
P. 023,KELANTAN,P. 023,RANTAU PANJANG,66115,97,2.06,0.07,0.02,0.04,0,0.81,,,,,,,,,,,,,,,SEMI URBAN
P. 024,KELANTAN,P. 024,KUBANG KERIAN,82018,97.98,1.68,0.14,0.03,0.04,0,0.12,,,,,,,,,,,,,,,SEMI URBAN
P. 025,KELANTAN,P. 025,BACHOK,92606,98.46,1.08,0.04,0.02,0.03,0,0.37,,,,,,,,,,,,,,,SEMI URBAN
P. 026,KELANTAN,P. 026,KETEREH,65238,96.66,1.88,0.08,0.26,0.59,0.06,0.47,,,,,,,,,,,,,,,SEMI URBAN
P. 027,KELANTAN,P. 027,TANAH MERAH,73172,94.71,3.92,0.59,0.04,0.06,0,0.68,,,,,,,,,,,,,,,SEMI URBAN
P. 028,KELANTAN,P. 028,PASIR PUTEH,85411,98.17,0.96,0.05,0.03,0.04,0,0.76,,,,,,,,,,,,,,,SEMI URBAN
P. 029,KELANTAN,P. 029,MACHANG,68387,96.45,3.13,0.18,0.04,0.05,0,0.14,,,,,,,,,,,,,,,SEMI URBAN
P. 030,KELANTAN,P. 030,JELI,47470,98.23,0.19,0.11,0.29,0.35,0.56,0.27,,,,,,,,,,,,,,,RURAL
P. 031,KELANTAN,P. 031,KUALA KRAI,70348,94.55,3.96,1.17,0.04,0.04,0.01,0.22,,,,,,,,,,,,,,,RURAL
P. 032,KELANTAN,P. 032,GUA MUSANG,52524,82.43,5.58,0.51,0.06,0.05,11.1,0.27,,,,,,,,,,,,,,,RURAL
P. 033,TERENGGANU,P. 033,BESUT,86627,98.1,1.41,0.09,0.06,0.07,0.01,0.27,,,,,,,,,,,,,,,SEMI URBAN
P. 034,TERENGGANU,P. 034,SETIU,86247,99.41,0.33,0.03,0.05,0.03,0,0.14,,,,,,,,,,,,,,,RURAL
P. 035,TERENGGANU,P. 035,KUALA NERUS,83663,98.7,0.95,0.08,0.06,0.06,0,0.15,,,,,,,,,,,,,,,URBAN
P. 036,TERENGGANU,P. 036,KUALA TERENGGANU,103611,90.01,9.21,0.52,0.05,0.05,0,0.17,,,,,,,,,,,,,,,URBAN
P. 037,TERENGGANU,P. 037,MARANG,104898,97.69,2.01,0.08,0.04,0.05,0,0.13,,,,,,,,,,,,,,,SEMI URBAN
P. 038,TERENGGANU,P. 038,HULU TERENGGANU,73487,99.08,0.47,0.04,0.04,0.04,0.21,0.13,,,,,,,,,,,,,,,RURAL
P. 039,TERENGGANU,P. 039,DUNGUN,90506,96.01,3.41,0.18,0.07,0.06,0,0.27,,,,,,,,,,,,,,,SEMI URBAN
P. 040,TERENGGANU,P. 040,KEMAMAN,107593,93.42,5.38,0.62,0.06,0.09,0.19,0.24,,,,,,,,,,,,,,,SEMI URBAN
P. 041,PULAU PINANG,P. 041,KEPALA BATAS,60523,78.56,17.02,4.17,0.06,0.06,0,0.13,,,,,,,,,,,,,,,SEMI URBAN
P. 042,PULAU PINANG,P. 042,TASEK GELUGOR,60850,78.23,14.71,6.59,0.12,0.15,0,0.21,,,,,,,,,,,,,,,SEMI URBAN
P. 043,PULAU PINANG,P. 043,BAGAN,71583,13.35,71.27,15.03,0.05,0.03,0,0.28,,,,,,,,,,,,,,,URBAN
P. 044,PULAU PINANG,P. 044,PERMATANG PAUH,81789,71.94,21.41,6.16,0.07,0.06,0,0.36,,,,,,,,,,,,,,,URBAN
P. 045,PULAU PINANG,P. 045,BUKIT MERTAJAM,88998,19.34,70.36,9.95,0.06,0.03,0,0.26,,,,,,,,,,,,,,,URBAN
P. 046,PULAU PINANG,P. 046,BATU KAWAN,65394,20.94,55.87,22.76,0.08,0.06,0,0.3,,,,,,,,,,,,,,,URBAN
P. 047,PULAU PINANG,P. 047,NIBONG TEBAL,73383,47.7,35.03,16.95,0.07,0.04,0.01,0.2,,,,,,,,,,,,,,,SEMI URBAN
P. 048,PULAU PINANG,P. 048,BUKIT BENDERA,75069,14.65,72.83,11.29,0.09,0.09,0,1.05,,,,,,,,,,,,,,,URBAN
P. 049,PULAU PINANG,P. 049,TANJONG,49586,5.89,84.17,9.55,0.04,0.03,0,0.31,,,,,,,,,,,,,,,URBAN
P. 050,PULAU PINANG,P. 050,JELUTONG,76991,22.62,65.21,11.67,0.06,0.04,0,0.39,,,,,,,,,,,,,,,URBAN
P. 051,PULAU PINANG,P. 051,BUKIT GELUGOR,91595,14.33,73.86,11.27,0.06,0.04,0,0.45,,,,,,,,,,,,,,,URBAN
P. 052,PULAU PINANG,P. 052,BAYAN BARU,90780,39.6,48.51,11.02,0.19,0.18,0,0.49,,,,,,,,,,,,,,,URBAN
P. 053,PULAU PINANG,P. 053,BALIK PULAU,59086,64.9,30.16,4.43,0.15,0.1,0,0.27,,,,,,,,,,,,,,,SEMI URBAN
P. 054,PERAK,P. 054,GERIK,35903,69.1,14.05,3.29,0.55,0.84,9.07,3.09,,,,,,,,,,,,,,,RURAL
P. 055,PERAK,P. 055,LENGGONG,29752,83.46,12.69,1.44,0.07,0.05,2.13,0.16,,,,,,,,,,,,,,,RURAL
P. 056,PERAK,P. 056,LARUT,49453,89.69,4.34,5.64,0.05,0.04,0,0.23,,,,,,,,,,,,,,,RURAL
P. 057,PERAK,P. 057,PARIT BUNTAR,51860,69.35,25.7,4.76,0.05,0.02,0,0.13,,,,,,,,,,,,,,,SEMI URBAN
P. 058,PERAK,P. 058,BAGAN SERAI,59293,77.89,12.89,9.01,0.04,0.04,0,0.14,,,,,,,,,,,,,,,SEMI URBAN
P. 059,PERAK,P. 059,BUKIT GANTANG,69873,72.39,18.9,8.41,0.04,0.05,0.01,0.2,,,,,,,,,,,,,,,SEMI URBAN
P. 060,PERAK,P. 060,TAIPING,90729,38.81,46.41,13.45,0.23,0.62,0.03,0.44,,,,,,,,,,,,,,,URBAN
P. 061,PERAK,P. 061,PADANG RENGAS,30996,77.75,15.42,6.65,0.02,0.04,0,0.13,,,,,,,,,,,,,,,SEMI URBAN
P. 062,PERAK,P. 062,SUNGAI SIPUT,55002,34.28,36.28,20.89,0.05,0.04,8.3,0.16,,,,,,,,,,,,,,,SEMI URBAN
P. 063,PERAK,P. 063,TAMBUN,107763,66.32,20.22,11.42,0.18,0.33,1.08,0.45,,,,,,,,,,,,,,,URBAN
P. 064,PERAK,P. 064,IPOH TIMOR,91486,21,72.01,6.4,0.08,0.09,0.02,0.39,,,,,,,,,,,,,,,URBAN
P. 065,PERAK,P. 065,IPOH BARAT,84874,11.83,63.16,24.42,0.04,0.06,0.03,0.47,,,,,,,,,,,,,,,URBAN
P. 066,PERAK,P. 066,BATU GAJAH,81399,9.95,75,14.61,0.04,0.05,0.05,0.3,,,,,,,,,,,,,,,URBAN
P. 067,PERAK,P. 067,KUALA KANGSAR,36954,70.36,21.6,6.61,0.07,0.06,1.05,0.25,,,,,,,,,,,,,,,SEMI URBAN
P. 068,PERAK,P. 068,BERUAS,79794,26.33,59.25,14.06,0.09,0.07,0.01,0.19,,,,,,,,,,,,,,,SEMI URBAN
P. 069,PERAK,P. 069,PARIT,35910,93,2.24,2.54,0.07,0.08,1.86,0.21,,,,,,,,,,,,,,,SEMI URBAN
P. 070,PERAK,P. 070,KAMPAR,69436,33.39,55.37,9.16,0.05,0.05,1.74,0.24,,,,,,,,,,,,,,,SEMI URBAN
P. 071,PERAK,P. 071,GOPENG,99167,42.37,46.01,9.12,0.07,0.07,2.09,0.26,,,,,,,,,,,,,,,URBAN
P. 072,PERAK,P. 072,TAPAH,47128,46.24,25.83,14.29,0.08,0.1,12.96,0.5,,,,,,,,,,,,,,,RURAL
P. 073,PERAK,P. 073,PASIR SALAK,54671,80.65,12.86,3.49,0.04,0.05,2.75,0.15,,,,,,,,,,,,,,,RURAL
P. 074,PERAK,P. 074,LUMUT,67157,72.05,14.96,11.44,0.56,0.66,0.03,0.3,,,,,,,,,,,,,,,SEMI URBAN
P. 075,PERAK,P. 075,BAGAN DATUK,47309,58.99,17.72,21.63,0.36,0.15,0.02,1.14,,,,,,,,,,,,,,,RURAL
P. 076,PERAK,P. 076,TELUK INTAN,66487,40.67,40.09,18.64,0.02,0.04,0.21,0.33,,,,,,,,,,,,,,,URBAN
P. 077,PERAK,P. 077,TANJONG MALIM,68468,55.56,25.56,13.02,0.06,0.07,5.31,0.43,,,,,,,,,,,,,,,SEMI URBAN
P. 078,PAHANG,P. 078,CAMERON HIGHLANDS,32048,33.5,29.48,14.91,0.12,0.06,21.56,0.37,,,,,,,,,,,,,,,SEMI URBAN
P. 079,PAHANG,P. 079,LIPIS,35294,78.02,15.64,5.23,0.05,0.07,0.77,0.22,,,,,,,,,,,,,,,RURAL
P. 080,PAHANG,P. 080,RAUB,57723,52.07,38.11,6.15,0.05,0.06,3.25,0.32,,,,,,,,,,,,,,,SEMI URBAN
P. 081,PAHANG,P. 081,JERANTUT,63609,81.76,13.02,2.63,0.06,0.05,2.24,0.23,,,,,,,,,,,,,,,RURAL
P. 082,PAHANG,P. 082,INDERA MAHKOTA,77208,66.62,26.89,5.68,0.27,0.16,0.04,0.33,,,,,,,,,,,,,,,URBAN
P. 083,PAHANG,P. 083,KUANTAN,62696,66.39,29.58,3.34,0.11,0.09,0.17,0.32,,,,,,,,,,,,,,,URBAN
P. 084,PAHANG,P. 084,PAYA BESAR,55135,83.36,12.86,1.94,0.06,0.07,1.4,0.32,,,,,,,,,,,,,,,RURAL
P. 085,PAHANG,P. 085,PEKAN,88899,87.79,2.01,0.82,0.23,0.48,7.86,0.81,,,,,,,,,,,,,,,SEMI URBAN
P. 086,PAHANG,P. 086,MARAN,41036,90.16,6.16,1.45,0.05,0.05,1.83,0.3,,,,,,,,,,,,,,,RURAL
P. 087,PAHANG,P. 087,KUALA KRAU,47264,89.86,2.77,2.29,0.04,0.05,4.78,0.21,,,,,,,,,,,,,,,RURAL
P. 088,PAHANG,P. 088,TEMERLOH,75081,66.47,22.52,8.11,0.29,0.61,1.25,0.75,,,,,,,,,,,,,,,SEMI URBAN
P. 089,PAHANG,P. 089,BENTONG,67359,46.5,41.69,9.16,0.09,0.17,2.08,0.31,,,,,,,,,,,,,,,SEMI URBAN
P. 090,PAHANG,P. 090,BERA,58711,61.89,29.17,3.71,0.2,0.17,4.59,0.28,,,,,,,,,,,,,,,RURAL
P. 091,PAHANG,P. 091,ROMPIN,61918,87.71,2.31,1.03,0.08,0.06,8.45,0.35,,,,,,,,,,,,,,,SEMI URBAN
P. 092,SELANGOR,P. 092,SABAK BERNAM,40863,83.05,11.69,4.95,0.05,0.07,0.01,0.2,,,,,,,,,,,,,,,RURAL
P. 093,SELANGOR,P. 093,SUNGAI BESAR,48739,68.71,28.77,2.02,0.11,0.05,0.01,0.33,,,,,,,,,,,,,,,SEMI URBAN
P. 094,SELANGOR,P. 094,HULU SELANGOR,100990,60.39,20.8,16.22,0.17,0.16,1.64,0.62,,,,,,,,,,,,,,,SEMI URBAN
P. 095,SELANGOR,P. 095,TANJONG KARANG,47198,74.67,15.96,8.94,0.05,0.03,0,0.35,,,,,,,,,,,,,,,RURAL
P. 096,SELANGOR,P. 096,KUALA SELANGOR,69397,65.43,12.92,21.09,0.1,0.08,0.01,0.37,,,,,,,,,,,,,,,SEMI URBAN
P. 097,SELANGOR,P. 097,SELAYANG,116176,51.79,28.72,17.7,0.21,0.18,0.22,1.16,,,,,,,,,,,,,,,URBAN
P. 098,SELANGOR,P. 098,GOMBAK,141112,75.8,10.67,10.77,0.15,0.14,0.39,2.08,,,,,,,,,,,,,,,URBAN
P. 099,SELANGOR,P. 099,AMPANG,91737,54.79,34.66,8.71,0.2,0.13,0.01,1.5,,,,,,,,,,,,,,,URBAN
P. 100,SELANGOR,P. 100,PANDAN,101319,45.58,45.95,7.12,0.34,0.15,0.01,0.85,,,,,,,,,,,,,,,URBAN
P. 101,SELANGOR,P. 101,HULU LANGAT,102363,64.98,22.08,10.42,0.32,0.27,0.75,1.19,,,,,,,,,,,,,,,URBAN
P. 102,SELANGOR,P. 102,BANGI,178790,48.48,38.95,11.12,0.28,0.22,0.01,0.93,,,,,,,,,,,,,,,URBAN
P. 103,SELANGOR,P. 103,PUCHONG,96437,36.86,51.98,10.03,0.32,0.17,0.15,0.49,,,,,,,,,,,,,,,URBAN
P. 104,SELANGOR,P. 104,SUBANG,146422,26.62,56.49,15.15,0.41,0.27,0.01,1.05,,,,,,,,,,,,,,,URBAN
P. 105,SELANGOR,P. 105,PETALING JAYA,140920,46.57,32.03,19.54,0.31,0.22,0.01,1.32,,,,,,,,,,,,,,,URBAN
P. 106,SELANGOR,P. 106,DAMANSARA,164322,19.67,69.42,9.42,0.18,0.12,0.19,0.99,,,,,,,,,,,,,,,URBAN
P. 107,SELANGOR,P. 107,SUNGAI BULOH,90707,65.33,21.64,10.72,0.46,0.47,0.04,1.35,,,,,,,,,,,,,,,URBAN
P. 108,SELANGOR,P. 108,SHAH ALAM,107316,75.26,10.83,12.78,0.3,0.23,0.07,0.53,,,,,,,,,,,,,,,URBAN
P. 109,SELANGOR,P. 109,KAPAR,124983,70.72,14.78,13.55,0.25,0.09,0.02,0.58,,,,,,,,,,,,,,,URBAN
P. 110,SELANGOR,P. 110,KLANG,149348,26.44,55.26,17.09,0.37,0.13,0.05,0.67,,,,,,,,,,,,,,,URBAN
P. 111,SELANGOR,P. 111,KOTA RAJA,149021,43.15,27.66,27.68,0.59,0.15,0.01,0.76,,,,,,,,,,,,,,,URBAN
P. 112,SELANGOR,P. 112,KUALA LANGAT,102406,57.17,24.03,16.26,0.18,0.13,1.72,0.5,,,,,,,,,,,,,,,SEMI URBAN
P. 113,SELANGOR,P. 113,SEPANG,104508,62.33,20.33,14.21,0.31,0.23,2.05,0.54,,,,,,,,,,,,,,,SEMI URBAN
P. 114,WILAYAH PERSEKUTUAN KUALA LUMPUR,P. 114,KEPONG,72696,4.55,88.76,6.03,0.3,0.05,0,0.32,,,,,,,,,,,,,,,URBAN
P. 115,WILAYAH PERSEKUTUAN KUALA LUMPUR,P. 115,BATU,76328,42.52,38.28,17.46,0.32,0.44,0.02,0.96,,,,,,,,,,,,,,,URBAN
P. 116,WILAYAH PERSEKUTUAN KUALA LUMPUR,P. 116,WANGSA MAJU,88482,59.82,29.57,8.18,0.45,0.59,0.04,1.36,,,,,,,,,,,,,,,URBAN
P. 117,WILAYAH PERSEKUTUAN KUALA LUMPUR,P. 117,SEGAMBUT,77956,27.53,58.93,11.77,0.14,0.12,0.01,1.5,,,,,,,,,,,,,,,URBAN
P. 118,WILAYAH PERSEKUTUAN KUALA LUMPUR,P. 118,SETIAWANGSA,72136,61.09,25.87,10.38,0.76,1.08,0.04,0.77,,,,,,,,,,,,,,,URBAN
P. 119,WILAYAH PERSEKUTUAN KUALA LUMPUR,P. 119,TITIWANGSA,61598,70.49,17.3,9.42,0.5,0.37,0.01,1.91,,,,,,,,,,,,,,,URBAN
P. 120,WILAYAH PERSEKUTUAN KUALA LUMPUR,P. 120,BUKIT BINTANG,69526,12.53,75.12,10.95,0.37,0.28,0.02,0.73,,,,,,,,,,,,,,,URBAN
P. 121,WILAYAH PERSEKUTUAN KUALA LUMPUR,P. 121,LEMBAH PANTAI,80346,62.12,18.91,16.24,0.68,0.48,0.02,1.54,,,,,,,,,,,,,,,URBAN
P. 122,WILAYAH PERSEKUTUAN KUALA LUMPUR,P. 122,SEPUTEH,86256,9.04,82.03,7.87,0.23,0.08,0,0.75,,,,,,,,,,,,,,,URBAN
P. 123,WILAYAH PERSEKUTUAN KUALA LUMPUR,P. 123,CHERAS,78819,9.68,82.93,6.73,0.22,0.06,0.01,0.38,,,,,,,,,,,,,,,URBAN
P. 124,WILAYAH PERSEKUTUAN KUALA LUMPUR,P. 124,BANDAR TUN RAZAK,83650,61.08,29.1,8.27,0.42,0.53,0.01,0.58,,,,,,,,,,,,,,,URBAN
P. 125,WILAYAH PERSEKUTUAN PUTRAJAYA,P. 125,PUTRAJAYA,27306,94.17,0.89,3.18,0.85,0.42,0.04,0.47,,,,,,,,,,,,,,,URBAN
P. 126,NEGERI SEMBILAN,P. 126,JELEBU,48522,65.01,24.13,5.69,0.25,0.15,4.58,0.19,,,,,,,,,,,,,,,RURAL
P. 127,NEGERI SEMBILAN,P. 127,JEMPOL,72122,63.35,23.24,12.31,0.06,0.05,0.77,0.21,,,,,,,,,,,,,,,SEMI URBAN
P. 128,NEGERI SEMBILAN,P. 128,SEREMBAN,110168,48.39,36.75,13.25,0.19,0.13,0.7,0.58,,,,,,,,,,,,,,,URBAN
P. 129,NEGERI SEMBILAN,P. 129,KUALA PILAH,49801,77.01,15.84,4.86,0.07,0.1,1.89,0.23,,,,,,,,,,,,,,,RURAL
P. 130,NEGERI SEMBILAN,P. 130,RASAH,102838,29.65,47.79,20.95,0.18,0.21,0.41,0.8,,,,,,,,,,,,,,,URBAN
P. 131,NEGERI SEMBILAN,P. 131,REMBAU,88365,73.32,10.31,15.4,0.12,0.13,0.39,0.34,,,,,,,,,,,,,,,SEMI URBAN
P. 132,NEGERI SEMBILAN,P. 132,PORT DICKSON,75212,42.72,33.11,21.97,0.63,0.93,0.19,0.46,,,,,,,,,,,,,,,SEMI URBAN
P. 133,NEGERI SEMBILAN,P. 133,TAMPIN,60765,62.83,23.55,11.82,0.38,0.99,0.14,0.29,,,,,,,,,,,,,,,SEMI URBAN
P. 134,MELAKA,P. 134,MASJID TANAH,51441,83.17,11.96,3.71,0.09,0.12,0.37,0.58,,,,,,,,,,,,,,,SEMI URBAN
P. 135,MELAKA,P. 135,ALOR GAJAH,70364,60.84,25.29,12.87,0.1,0.08,0.6,0.22,,,,,,,,,,,,,,,SEMI URBAN
P. 136,MELAKA,P. 136,TANGGA BATU,83213,70.98,22.08,3.53,1.03,1.64,0.08,0.65,,,,,,,,,,,,,,,URBAN
P. 137,MELAKA,P. 137,HANG TUAH JAYA,89364,62.39,31.11,5.68,0.17,0.13,0,0.52,,,,,,,,,,,,,,,URBAN
P. 138,MELAKA,P. 138,KOTA MELAKA,126848,37.41,57.11,4.01,0.11,0.1,0.01,1.25,,,,,,,,,,,,,,,URBAN
P. 139,MELAKA,P. 139,JASIN,73432,73.5,16.17,9.77,0.06,0.07,0.12,0.29,,,,,,,,,,,,,,,SEMI URBAN
P. 140,JOHOR,P. 140,SEGAMAT,55350,46.19,42.77,10.09,0.3,0.32,0.1,0.23,,,,,,,,,,,,,,,SEMI URBAN
P. 141,JOHOR,P. 141,SEKIJANG,45596,59.24,36.15,4,0.03,0.05,0.18,0.35,,,,,,,,,,,,,,,SEMI URBAN
P. 142,JOHOR,P. 142,LABIS,40356,37.98,44.94,14.68,0.07,0.05,2.04,0.24,,,,,,,,,,,,,,,SEMI URBAN
P. 143,JOHOR,P. 143,PAGOH,51512,65.96,29.76,3.72,0.04,0.04,0.34,0.15,,,,,,,,,,,,,,,RURAL
P. 144,JOHOR,P. 144,LEDANG,77474,55.76,39.03,4.57,0.06,0.04,0.36,0.19,,,,,,,,,,,,,,,SEMI URBAN
P. 145,JOHOR,P. 145,BAKRI,73883,44.23,53.14,2.15,0.08,0.07,0,0.32,,,,,,,,,,,,,,,URBAN
P. 146,JOHOR,P. 146,MUAR,50843,66.72,31.47,1.33,0.08,0.07,0.01,0.32,,,,,,,,,,,,,,,SEMI URBAN
P. 147,JOHOR,P. 147,PARIT SULONG,59609,78.51,20.66,0.48,0.03,0.05,0.03,0.23,,,,,,,,,,,,,,,RURAL
P. 148,JOHOR,P. 148,AYER HITAM,46157,57.68,37.97,4.01,0.02,0.04,0,0.26,,,,,,,,,,,,,,,SEMI URBAN
P. 149,JOHOR,P. 149,SRI GADING,52119,65,33.17,1.46,0.07,0.04,0.01,0.26,,,,,,,,,,,,,,,SEMI URBAN
P. 150,JOHOR,P. 150,BATU PAHAT,98543,54.64,43.49,1.29,0.07,0.06,0.1,0.35,,,,,,,,,,,,,,,SEMI URBAN
P. 151,JOHOR,P. 151,SIMPANG RENGGAM,43998,59.61,30.8,8.84,0.12,0.1,0.02,0.51,,,,,,,,,,,,,,,RURAL
P. 152,JOHOR,P. 152,KLUANG,96915,41.63,47.49,9.38,0.3,0.69,0.04,0.47,,,,,,,,,,,,,,,URBAN
P. 153,JOHOR,P. 153,SEMBRONG,44137,60.44,29.15,8.66,0.04,0.04,1.31,0.35,,,,,,,,,,,,,,,SEMI URBAN
P. 154,JOHOR,P. 154,MERSING,48176,81.45,14.29,1.26,0.44,0.6,1.69,0.29,,,,,,,,,,,,,,,RURAL
P. 155,JOHOR,P. 155,TENGGARA,44749,74.68,16.13,6.58,0.4,1.13,0.56,0.52,,,,,,,,,,,,,,,SEMI URBAN
P. 156,JOHOR,P. 156,KOTA TINGGI,46677,88.36,9.27,1.85,0.06,0.09,0.07,0.29,,,,,,,,,,,,,,,RURAL
P. 157,JOHOR,P. 157,PENGERANG,40479,89.61,8.87,0.77,0.17,0.18,0.21,0.18,,,,,,,,,,,,,,,RURAL
P. 158,JOHOR,P. 158,TEBRAU,123033,47.19,39.36,11.54,0.27,0.67,0.08,0.88,,,,,,,,,,,,,,,URBAN
P. 159,JOHOR,P. 159,PASIR GUDANG,124172,48.89,37.03,10.45,1.34,1.41,0.08,0.81,,,,,,,,,,,,,,,URBAN
P. 160,JOHOR,P. 160,JOHOR BAHRU,101409,52.64,41.09,5.15,0.18,0.24,0.02,0.68,,,,,,,,,,,,,,,URBAN
P. 161,JOHOR,P. 161,PULAI,106268,49.06,39.2,10.28,0.3,0.36,0.17,0.64,,,,,,,,,,,,,,,URBAN
P. 162,JOHOR,P. 162,ISKANDAR PUTERI,138299,36.65,49.79,12.46,0.2,0.32,0.22,0.36,,,,,,,,,,,,,,,URBAN
P. 163,JOHOR,P. 163,KULAI,99147,34.96,54.04,10.24,0.21,0.18,0.01,0.35,,,,,,,,,,,,,,,SEMI URBAN
P. 164,JOHOR,P. 164,PONTIAN,55570,68.24,30.1,1.03,0.05,0.06,0.07,0.46,,,,,,,,,,,,,,,RURAL
P. 165,JOHOR,P. 165,TANJUNG PIAI,53528,56.8,41.64,1.01,0.08,0.08,0.01,0.38,,,,,,,,,,,,,,,SEMI URBAN
P. 166,WILAYAH PERSEKUTUAN LABUAN,P. 166,LABUAN,28356,42.07,20.67,1.36,31.16,1.7,0.01,3.03,,,,,,,,,,,,,,,SEMI URBAN
P. 167,SABAH,P. 167,KUDAT,52251,6.39,9.4,0.15,72.53,0.3,0.01,11.21,,,,,,,,,,,,,,,RURAL
P. 168,SABAH,P. 168,KOTA MARUDU,47007,4.04,2.19,0.09,91.91,0.26,0.01,1.5,,,,,,,,,,,,,,,RURAL
P. 169,SABAH,P. 169,KOTA BELUD,57919,4.47,1.45,0.16,91.78,0.24,0,1.9,,,,,,,,,,,,,,,RURAL
P. 170,SABAH,P. 170,TUARAN,54400,5.16,5.35,0.23,87.12,0.38,0,1.76,,,,,,,,,,,,,,,SEMI URBAN
P. 171,SABAH,P. 171,SEPANGGAR,62415,16.21,19.6,0.54,57.35,0.79,0.02,5.5,,,,,,,,,,,,,,,URBAN
P. 172,SABAH,P. 172,KOTA KINABALU,56220,5.37,63.81,0.93,26.07,0.43,0,3.39,,,,,,,,,,,,,,,URBAN
P. 173,SABAH,P. 173,PUTATAN,41312,22.53,16.09,0.73,53.7,1.07,0.02,5.85,,,,,,,,,,,,,,,URBAN
P. 174,SABAH,P. 174,PENAMPANG,53131,5.3,33.51,0.74,58.11,0.69,0,1.64,,,,,,,,,,,,,,,URBAN
P. 175,SABAH,P. 175,PAPAR,43586,10.27,7.79,0.38,77.55,0.61,0,3.4,,,,,,,,,,,,,,,SEMI URBAN
P. 176,SABAH,P. 176,KIMANIS,29618,11.36,3.65,0.16,81.82,0.54,0,2.47,,,,,,,,,,,,,,,RURAL
P. 177,SABAH,P. 177,BEAUFORT,33342,8.32,6.84,0.33,81.85,0.63,0.01,2.02,,,,,,,,,,,,,,,RURAL
P. 178,SABAH,P. 178,SIPITANG,31882,9.71,4.05,0.18,82.36,1.69,0,2.02,,,,,,,,,,,,,,,RURAL
P. 179,SABAH,P. 179,RANAU,43706,3.07,1.78,0.07,94.03,0.33,0.01,0.72,,,,,,,,,,,,,,,RURAL
P. 180,SABAH,P. 180,KENINGAU,51177,5.7,8.92,0.2,82.26,0.65,0.01,2.27,,,,,,,,,,,,,,,RURAL
P. 181,SABAH,P. 181,TENOM,29182,7.09,10.49,0.12,80.13,0.49,0,1.67,,,,,,,,,,,,,,,RURAL
P. 182,SABAH,P. 182,PENSIANGAN,31377,2.69,1.27,0.08,94.83,0.28,0,0.84,,,,,,,,,,,,,,,RURAL
P. 183,SABAH,P. 183,BELURAN,28509,8.64,0.99,0.16,82.33,1.25,0,6.63,,,,,,,,,,,,,,,RURAL
P. 184,SABAH,P. 184,LIBARAN,47914,27.17,17.17,0.26,40.7,0.93,0.01,13.76,,,,,,,,,,,,,,,SEMI URBAN
P. 185,SABAH,P. 185,BATU SAPI,32574,17.48,30.86,0.31,40.83,0.87,0.03,9.62,,,,,,,,,,,,,,,URBAN
P. 186,SABAH,P. 186,SANDAKAN,39777,13.91,50.71,0.62,27.34,0.63,0.01,6.79,,,,,,,,,,,,,,,URBAN
P. 187,SABAH,P. 187,KINABATANGAN,28730,15.87,0.73,0.12,76.72,0.97,0.01,5.58,,,,,,,,,,,,,,,RURAL
P. 188,SABAH,P. 188,SILAM,60942,25.71,11.05,0.44,50.52,1.11,0.01,11.16,,,,,,,,,,,,,,,SEMI URBAN
P. 189,SABAH,P. 189,SEMPORNA,48248,9.55,1.76,0.11,85.62,0.37,0.02,2.58,,,,,,,,,,,,,,,RURAL
P. 190,SABAH,P. 190,TAWAU,59919,34.8,34.61,0.29,18.05,0.98,0.01,11.26,,,,,,,,,,,,,,,URBAN
P. 191,SABAH,P. 191,KALABAKAN,52199,47.97,8.97,0.35,20.05,1.97,0.02,20.67,,,,,,,,,,,,,,,URBAN
P. 192,SARAWAK,P. 192,MAS GADING,29617,5.16,17.76,0.15,0.24,76.46,0.02,0.21,,,,,,,,,,,,,,,RURAL
P. 193,SARAWAK,P. 193,SANTUBONG,45628,80.27,7.73,0.03,0.1,11.76,0.01,0.1,,,,,,,,,,,,,,,SEMI URBAN
P. 194,SARAWAK,P. 194,PETRA JAYA,57925,73.24,13.27,0.55,0.22,12.42,0.01,0.29,,,,,,,,,,,,,,,URBAN
P. 195,SARAWAK,P. 195,BANDAR KUCHING,81856,4.03,88.71,0.67,0.17,6.18,0,0.24,,,,,,,,,,,,,,,URBAN
P. 196,SARAWAK,P. 196,STAMPIN,66240,16.15,64.21,0.69,0.23,18.47,0.02,0.23,,,,,,,,,,,,,,,URBAN
P. 197,SARAWAK,P. 197,KOTA SAMARAHAN,46300,61.79,11.3,0.24,0.58,25.76,0.06,0.25,,,,,,,,,,,,,,,SEMI URBAN
P. 198,SARAWAK,P. 198,PUNCAK BORNEO,46180,4.78,25.96,0.19,0.25,68.43,0.12,0.26,,,,,,,,,,,,,,,RURAL
P. 199,SARAWAK,P. 199,SERIAN,37629,7.56,10.03,0.12,0.19,81.35,0.57,0.17,,,,,,,,,,,,,,,RURAL
P. 200,SARAWAK,P. 200,BATANG SADONG,23213,70.11,5.11,0.04,0.13,24.33,0.05,0.23,,,,,,,,,,,,,,,RURAL
P. 201,SARAWAK,P. 201,BATANG LUPAR,29811,67.08,2.86,0.02,0.09,29.85,0.02,0.07,,,,,,,,,,,,,,,RURAL
P. 202,SARAWAK,P. 202,SRI AMAN,33016,10.32,16.59,0.04,0.19,72.58,0.11,0.19,,,,,,,,,,,,,,,RURAL
P. 203,SARAWAK,P. 203,LUBOK ANTU,20801,1.5,7.79,0.02,0.21,90.32,0.01,0.15,,,,,,,,,,,,,,,RURAL
P. 204,SARAWAK,P. 204,BETONG,29145,38,6.57,0.06,0.13,55.08,0.02,0.13,,,,,,,,,,,,,,,RURAL
P. 205,SARAWAK,P. 205,SARATOK,30517,36,6.41,0.03,0.09,57.34,0.01,0.11,,,,,,,,,,,,,,,RURAL
P. 206,SARAWAK,P. 206,TANJONG MANIS,21899,25.61,4.83,0.03,0.21,68.85,0.02,0.46,,,,,,,,,,,,,,,RURAL
P. 207,SARAWAK,P. 207,IGAN,19592,6.84,3.69,0.03,0.31,88.93,0.01,0.19,,,,,,,,,,,,,,,RURAL
P. 208,SARAWAK,P. 208,SARIKEI,39561,4.56,62.78,0.03,0.16,32.29,0.01,0.17,,,,,,,,,,,,,,,RURAL
P. 209,SARAWAK,P. 209,JULAU,25380,0.63,4.53,0.03,0.11,94.58,0.01,0.12,,,,,,,,,,,,,,,RURAL
P. 210,SARAWAK,P. 210,KANOWIT,21022,1.56,11.77,0.02,0.1,86.39,0.03,0.12,,,,,,,,,,,,,,,RURAL
P. 211,SARAWAK,P. 211,LANANG,61973,3.44,68.68,0.05,0.25,27.44,0.02,0.11,,,,,,,,,,,,,,,URBAN
P. 212,SARAWAK,P. 212,SIBU,74149,11.12,62.74,0.1,0.35,25.49,0.04,0.16,,,,,,,,,,,,,,,URBAN
P. 213,SARAWAK,P. 213,MUKAH,30608,3.23,9.15,0.04,0.36,86.94,0.01,0.25,,,,,,,,,,,,,,,RURAL
P. 214,SARAWAK,P. 214,SELANGAU,30026,1.11,3.3,0.01,0.12,95.07,0.01,0.38,,,,,,,,,,,,,,,RURAL
P. 215,SARAWAK,P. 215,KAPIT,30658,2.71,9.51,0.07,0.21,87.34,0.02,0.14,,,,,,,,,,,,,,,RURAL
P. 216,SARAWAK,P. 216,HULU RAJANG,27520,0.96,1.56,0.03,0.25,96.74,0.23,0.24,,,,,,,,,,,,,,,RURAL
P. 217,SARAWAK,P. 217,BINTULU,65049,10.57,28.75,0.09,0.37,60.03,0.01,0.18,,,,,,,,,,,,,,,URBAN
P. 218,SARAWAK,P. 218,SIBUTI,31868,23.85,21.54,0.11,0.39,53.7,0.01,0.4,,,,,,,,,,,,,,,RURAL
P. 219,SARAWAK,P. 219,MIRI,80386,15.28,55.32,0.29,0.44,28.35,0.01,0.31,,,,,,,,,,,,,,,URBAN
P. 220,SARAWAK,P. 220,BARAM,35685,4.79,7.86,0.04,0.25,86.57,0.24,0.24,,,,,,,,,,,,,,,RURAL
P. 221,SARAWAK,P. 221,LIMBANG,26409,28.18,17.98,0.08,7.62,45.82,0.05,0.28,,,,,,,,,,,,,,,RURAL
P. 222,SARAWAK,P. 222,LAWAS,21297,40.08,9.25,0.09,1.73,48.42,0.02,0.4,,,,,,,,,,,,,,,RURAL
